FramewiseDisplacement
3.765247900000003034e-02
6.122160000000002184e-02
4.924149999999998667e-02
4.708160000000001510e-02
6.024510000000000975e-02
5.804059999999999081e-02
4.054284000000002441e-02
4.046827000000001451e-02
6.276207999999998399e-02
5.539120000000001542e-02
2.583263999999997271e-02
4.802152500000000379e-01
8.231358699999999917e-01
1.301916999999999103e-01
1.477301999999999504e-01
4.397760000000001251e-02
6.028356499999994872e-02
3.259256500000003859e-02
4.815454999999996960e-02
3.339545000000001401e-02
3.924309999999996829e-02
4.810800000000001880e-02
5.263267700000005822e-02
3.104817200000001970e-02
5.924758265000006768e-02
5.249038735000000067e-02
4.353642500000000359e-02
4.659458000000001737e-02
2.440627850000001708e-02
3.376979349999995050e-02
2.110747500000008034e-02
2.192866000000000953e-02
2.776218999999999562e-02
1.125582499999999882e-02
3.516499499999994893e-02
1.870500000000005492e-02
3.906844499999999332e-02
4.718250499999999958e-02
1.326193999999991484e-02
4.679965999999997212e-02
6.108373000000001662e-02
2.063549499999992390e-02
5.550680999999996201e-02
5.421334999999994492e-02
4.029331499999996846e-02
5.809229999999998562e-02
3.437474999999998865e-02
4.389964999999999146e-02
4.233364999999997963e-02
6.433119999999994953e-02
8.771339999999991366e-02
9.035168999999990125e-02
4.116152999999995316e-02
3.504045499999998425e-02
8.119058000000001218e-02
6.505286500000008465e-02
2.017061000000000548e-02
2.371191500000001395e-02
5.824025500000003241e-02
7.469077500000001479e-02
6.643962500000001603e-02
5.905074999999997132e-02
3.947709999999991781e-02
6.733209999999999196e-02
1.255482500000000001e-01
5.723015000000000740e-02
7.325170000000008619e-02
4.203245000000003367e-02
4.295775000000000288e-02
8.894485000000001973e-02
8.330380000000008056e-02
5.128205000000003733e-02
5.786735000000003959e-02
3.941240000000003491e-02
5.569185000000002883e-02
3.989354999999999984e-02
6.302360000000001294e-02
4.654209999999998904e-02
4.686680000000002094e-02
1.932859999999999787e-02
4.876240000000003905e-02
5.053800000000000653e-02
5.659924999999998985e-02
1.751750000000002958e-02
5.415190000000004444e-02
4.541615000000001623e-02
5.672620000000000440e-02
4.649580000000001767e-02
1.577841999999999578e-01
1.935963499999999726e-01
7.638265000000002414e-02
6.981022069999999191e-01
9.288598830000001083e-01
2.734520300000000126e-01
9.085364999999998026e-02
6.193290499999999643e-02
3.918463999999999975e-02
5.043247399999999797e-02
3.229042300000000559e-02
2.830670999999999882e-02
1.040058000000000128e-02
3.738458800000000332e-02
1.300924200000000142e-01
8.345912150000001084e-02
2.699910050000000131e-02
8.197609430000000197e-01
7.131918000000001534e-01
6.890282500000000088e-01
1.753035500000000024e-01
4.128080000000001332e-02
3.136969999999997954e-02
2.050815000000001664e-02
7.764699999999997646e-03
4.519763999999999726e-02
4.943688999999997641e-02
3.913234999999998937e-02
3.677576599999999446e-02
3.256827099999998198e-02
3.562664999999999582e-02
3.576879999999998255e-02
2.828190000000002299e-02
6.188970000000001970e-02
2.018064999999996667e-02
6.202505000000002600e-02
3.501264500000002278e-02
5.216305000000001635e-02
2.867280000000002257e-02
1.148292550000000078e+00
1.044653600000000182e+00
2.853044000000000135e-01
9.462470000000001991e-02
1.747164999999998442e-02
5.373079999999998135e-02
6.475847499999999590e-02
4.530547499999999783e-02
5.395919999999999189e-02
1.099720499999999740e-01
6.552084999999999160e-02
4.095929999999999710e-02
3.639170000000000599e-02
6.758689999999999143e-02
7.721284999999999954e-02
2.110849999999998144e-02
3.353125000000000550e-02
3.295984999999998499e-02
3.161795000000004047e-02
2.876424999999995652e-02
5.057899999999997120e-02
3.708374999999998478e-02
3.368949999999999723e-02
1.205720000000000056e-02
2.430815000000000406e-02
2.731705000000000591e-02
6.349249999999999339e-02
3.136615000000001624e-02
5.373280000000001111e-02
5.334915000000000490e-02
3.206873000000000085e-01
1.388031999999999877e-01
4.021469999999994355e-02
4.335150000000002196e-02
3.439235000000000902e-02
4.161865000000001397e-02
5.222029999999999728e-02
4.018369999999998193e-02
3.501730000000003590e-02
6.252714999999997580e-02
5.392669999999998021e-02
2.876229999999999412e-02
2.499494999999996719e-02
1.510224999999999762e-02
2.224207999999998353e-02
1.915866000000002525e-02
4.336611500000004532e-02
2.557501500000002384e-02
4.695734000000000019e-02
4.585276999999996633e-02
2.574584950000001482e-02
8.048161394999999718e-01
3.933619999999999339e-01
7.796650000000006353e-02
6.022150000000003195e-02
6.768200000000003380e-02
8.327550000000003005e-02
1.963002999999999831e-01
1.021613000000000104e-01
3.299485000000000334e-01
1.109249999999999681e-01
9.286400000000001598e-02
3.821700000000005648e-02
3.512250000000001482e-02
5.320690000000000142e-02
4.732209999999996419e-02
3.949069999999998970e-02
5.277360000000005935e-02
4.946449999999999458e-02
2.527169999999995254e-02
4.226240000000006103e-02
1.527796000000000709e-01
