FramewiseDisplacement
5.052794999999993958e-02
6.223550000000014487e-02
4.853919999999992824e-02
6.337294999999995571e-02
2.907780000000010495e-02
5.213554999999989170e-02
2.120484499999998884e-01
2.132715999999999501e-01
6.022515000000006752e-02
6.233970000000002565e-02
8.512029999999995433e-02
7.687740000000006790e-02
1.674594000000001470e-01
1.070548999999999945e-01
5.047379999999996453e-02
7.969074999999999076e-02
1.321957999999998912e-01
6.537310000000018384e-02
8.411230000000019524e-02
1.190317549999999835e+00
4.812399000000000537e-01
1.393230000000000579e-01
1.055828499999999642e-01
1.836751000000000356e-01
9.006284999999998597e-02
5.418340000000002737e-02
1.431687999999999295e-01
3.550925000000002690e-02
5.547685000000000116e-02
4.649245000000001848e-02
8.610365999999999853e-02
3.520660999999999929e-02
4.499980000000000646e-02
3.606719999999999371e-02
7.227910000000004054e-02
5.187580000000002745e-02
6.141624999999997087e-02
3.187735000000003344e-02
4.316885000000003636e-02
1.182116000000000278e-01
5.310671000000000141e-01
7.557505499999999099e-01
3.619840100000000782e-01
1.472995099999999946e-01
1.509841000000000100e-01
4.911797999999999859e-02
5.861304499999998169e-02
2.912623299999998749e-02
3.898209799999998587e-02
6.354329799999999806e-02
6.280772199999999639e-02
5.586207899999998117e-02
5.575200399999999390e-02
6.249532500000001128e-02
1.255143749999999836e-01
9.451572500000000876e-02
4.699182500000000373e-01
1.897500799999999599e-01
1.231426000000000048e-01
9.803736000000000395e-02
7.357646000000001019e-02
8.798495000000000621e-02
6.942575000000000829e-02
1.255769999999999942e-01
5.015578999999999177e-02
7.809989000000000514e-02
4.657660999999999746e-02
1.026015899999999925e-01
8.856448999999999572e-02
9.373780999999999086e-02
9.125183000000001987e-02
1.234079800000000005e-01
6.625719999999998833e-02
6.634053999999998952e-02
5.157169999999999810e-02
3.797240000000000337e-02
2.540775000000001366e-02
7.589056099999998972e-01
2.223488000000000131e-01
9.126765000000000572e-02
9.490554999999999131e-02
4.848869999999999569e-02
1.014029000000000041e-01
9.440415000000000612e-02
6.366634999999999656e-02
1.741020000000000761e-02
1.180104299999999995e-01
5.012970849999998091e-02
3.535780349999999295e-02
1.431721049999999940e-01
9.332429999999999892e-02
1.508092600000000005e-01
8.445303500000002350e-02
1.541143499999999764e-02
6.438095000000000623e-02
4.693340999999999485e-02
1.365326300000000159e-01
7.424930000000000418e-02
5.427972999999999826e-02
1.976811840000000098e-01
3.233954399999999785e-02
1.668680499999999900e-01
7.473359999999999725e-02
3.125846000000000180e-02
8.836942999999999881e-02
7.193824000000000052e-02
9.989280999999998467e-02
2.914968399999999793e-01
2.337036500000000128e-01
2.405759900000000173e-01
1.017609000000000152e-01
3.758949399999999552e-01
1.738470999999999766e-01
1.274686000000000152e-01
8.452284999999999660e-02
6.781930000000001291e-02
4.495919999999999778e-02
2.931550000000000822e-02
7.720824999999999216e-02
7.559567000000001757e-02
6.481931999999998584e-02
4.187841999999999260e-02
6.024806999999997997e-02
4.002760000000001733e-02
2.650885999999999867e-02
8.303246000000000238e-02
5.941480000000000372e-02
6.564850999999999326e-02
1.719647800000000115e-01
1.133700999999999876e-01
8.735892999999998743e-02
6.267827999999998900e-02
4.120117999999999697e-02
5.036314999999999542e-02
6.000580999999997889e-02
1.216846699999999670e-01
1.362695599999999563e-01
1.784390700000000329e-01
6.515516999999999836e-02
8.561024000000000411e-02
1.442476499999999773e-01
6.257709999999998274e-02
1.315379199999999749e-01
6.655237000000002734e-02
5.182549999999996881e-02
6.629472000000000143e-02
8.418986999999999998e-02
1.156070549999999919e+00
8.920227299999998749e-01
1.400843500000000796e-01
8.834934000000001231e-02
8.292071000000005021e-02
2.354182500000000511e-01
1.457465599999999140e-01
1.103595900000000352e-01
7.323153000000010016e-02
1.064247499999999430e-01
1.675616000000001160e-01
9.544597999999980542e-02
1.407712299999999972e-01
6.061167999999999001e-01
1.146173099999999723e-01
9.551232000000009492e-02
2.297270299999998322e-01
1.188073340000001393e-01
1.756608809999999909e-01
2.277383649999999982e-01
1.661938099999998864e-01
5.471531000000015577e-02
1.515520000000000200e-01
5.235550000000008253e-02
5.926180000000014214e-02
8.659449999999999092e-02
1.764795500000000128e-01
2.626612999999998199e-01
1.552072999999998260e-01
1.686731599999999054e-01
8.469667500000012395e-02
1.422771150000001483e-01
3.750358000000019593e-02
1.444456399999999308e-01
2.734741200000001538e-01
6.698844999999996330e-02
1.360530300000001025e-01
8.999781999999983961e-02
1.221307500000000934e-01
1.499503599999999215e-01
3.597785399999997025e-01
4.005095449999997448e-01
2.375419250000000704e-01
1.434327700000002648e-01
1.424636500000002193e-01
2.118614900000002632e-01
6.684830499999980247e-02
1.971797649999999513e-01
1.172403200000000367e-01
6.211685500000004023e-02
5.457907500000009487e-02
8.281151000000006035e-02
