FramewiseDisplacement
4.594373799999999092e-02
5.550046600000001218e-02
4.272552999999997686e-02
6.748425900000000477e-02
5.256427899999999154e-02
4.471511999999997627e-02
2.908759000000003120e-02
4.335768999999999040e-02
4.959929999999997119e-02
4.227949999999999764e-02
1.301677999999999724e-01
1.879201300000000185e-01
7.326534999999997910e-02
6.457027999999995216e-02
1.404082299999999672e-01
3.168182000000000637e-02
8.903065400000001461e-02
5.423635400000000745e-02
1.600181700000000151e-01
1.259338499999999861e-01
3.415276000000002504e-02
1.112883100000000014e-01
4.994561000000001527e-02
1.087909399999999888e-01
3.343072999999999878e-02
4.198539999999999217e-02
4.809262999999997651e-02
5.252148000000000233e-02
1.520021500000000025e-01
1.430743850000000261e-01
1.297115849999999904e-01
1.245996999999999938e-01
9.937600000000001987e-02
7.495649999999998148e-02
7.706614999999998605e-02
1.121358950000000132e-01
7.628309499999998133e-02
7.471911999999999998e-02
9.704717999999999678e-02
1.448370999999999964e-01
7.792833000000000399e-02
7.805771499999999974e-02
9.185596499999998388e-02
1.025653200000000015e-01
8.277821999999999958e-02
4.828999999999999959e-02
3.765769999999999534e-02
7.625164000000000941e-02
1.225985899999999795e-01
3.450464959999999803e-01
8.136153400000001312e-02
6.288472999999998592e-02
7.922398000000001328e-02
1.171012399999999953e-01
1.358066599999999957e-01
8.380824699999998850e-02
4.236822700000000136e-02
2.024302850000000153e-01
1.810645250000000039e-01
2.120701700000000023e-01
3.484629499999999935e-01
1.628475599999999746e-01
5.148596000000000422e-02
1.011454300000000084e-01
6.898958899999999006e-02
3.962994899999999765e-02
8.132723999999999509e-02
8.197952999999999490e-02
9.464923000000000086e-02
7.782057000000000557e-02
4.963345999999999036e-02
1.025704799999999917e-01
7.629077899999998913e-02
4.402640000000000026e-02
6.648458899999998284e-02
5.630207000000000267e-02
3.027570999999999735e-02
5.113528000000000517e-02
5.534293899999999378e-02
4.499894999999998896e-02
2.161740000000000189e-02
4.352764999999999412e-02
6.578250000000000763e-02
3.253730000000000511e-02
7.947955000000000991e-02
1.124205399999999855e-01
1.385031400000000246e-01
4.656298900000001295e-02
3.280649999999999539e-02
2.980079999999998494e-02
8.033004999999998619e-02
1.030400000000000205e-01
2.044228700000000065e-01
1.137471700000000085e-01
2.580625000000000627e-02
6.985439000000001619e-02
8.620592999999998618e-02
5.499595000000000872e-02
4.470281699999999886e-02
7.537817914999998814e-02
1.615800228500000046e-01
1.422620649999999931e-01
1.978285649999999840e-01
3.037739250000000002e-01
7.321578000000000808e-02
1.138215140000000125e-01
9.034561400000001852e-02
1.470394599999999830e-01
6.667580000000002116e-02
5.982360000000000455e-02
5.365710000000002006e-02
4.500319999999998627e-02
6.145199999999996499e-02
4.456820000000000226e-02
2.713208159999999647e-01
1.478254160000000428e-01
3.811164999999998998e-02
6.619404999999997652e-02
8.673215000000000785e-02
1.333354099999999876e-01
7.260087500000000915e-02
4.778198500000001292e-02
8.220817500000000833e-02
6.387211500000000708e-02
1.824240199999999923e-01
4.784176500000000276e-01
2.798948500000000283e-01
8.772911979999999110e-02
9.317509019999999087e-02
3.940521999999999775e-02
5.710756099999999419e-02
5.044825200000000592e-02
3.364313300000000562e-02
5.905283300000000596e-02
3.878703299999998466e-02
9.688324000000000935e-02
1.284456999999999960e-01
7.185984999999998901e-02
1.525989799999999952e-01
4.621146999999999061e-02
7.389072800000000274e-02
9.568288799999999372e-02
7.902599999999997127e-02
6.458644999999998970e-02
1.498731500000000105e-01
2.805841550000000018e-01
2.945645450000000110e-01
9.131975000000003284e-02
8.909679999999998989e-02
8.300589999999999358e-02
2.717560000000000114e-02
9.836610000000005349e-02
8.754215000000002689e-02
8.095855000000000412e-02
6.251410000000000300e-02
5.045894999999998853e-02
7.340644999999997034e-02
9.340669999999999529e-02
7.550964999999999760e-02
9.304389999999998495e-02
4.406365000000001669e-02
6.031894999999996843e-02
9.300065000000000415e-02
2.917009999999998354e-02
4.705680000000000973e-02
2.086843899999999974e-01
1.022575900000000093e-01
1.194156999999999857e-01
1.417280600000000168e-01
9.058394000000000168e-02
1.887971000000000232e-01
1.991349000000000313e-01
8.412100000000001521e-02
1.264224999999999932e-01
9.045190000000000174e-02
1.721921999999999620e-01
1.586407000000000234e-01
1.917855000000000532e-01
6.697300000000004638e-02
4.888409999999999284e-02
7.103015000000001411e-02
9.157850000000000712e-02
2.061169000000000195e-01
2.108460500000000071e-01
1.414441999999999644e-01
7.332199999999999829e-02
1.238877000000000311e-01
1.949665699999999502e-01
4.256139099999997621e-02
7.082847900000004138e-02
3.365559999999996610e-02
7.857619999999995719e-02
1.883614000000000122e-01
2.306244999999999823e-01
9.150619999999996812e-02
5.486590000000000217e-02
7.948150000000001048e-02
1.977878999999999887e-01
3.057543000000000344e-01
