FramewiseDisplacement
6.053585000000001604e-02
3.009139999999995221e-02
9.936199999999997812e-02
7.668430000000003854e-02
6.992510999999998478e-02
9.834499549999999035e-02
2.935659145000000247e-01
2.266348199999999868e-01
7.424139999999999906e-02
3.551399999999999002e-02
4.942219999999996477e-02
2.438290000000003718e-02
5.509710000000005853e-02
5.397569999999999452e-02
5.045489999999996922e-02
4.335739999999996264e-02
6.288632999999997641e-02
3.053317800000000526e-01
1.279190100000000108e+00
1.188697500000000240e-01
2.677665000000000739e-01
7.726419999999992183e-02
1.294894000000000323e-01
6.051690000000002623e-02
7.994429999999998204e-02
6.535099999999997855e-02
4.192079999999999418e-02
4.677690000000002402e-02
7.207019999999995929e-02
5.783860000000001778e-02
7.432079999999999242e-02
9.459334999999999272e-02
5.314655000000002155e-02
7.544374999999997611e-02
4.171460000000000445e-02
4.536985000000000323e-02
2.237049999999999456e-02
5.354410000000001113e-02
4.866207499999999908e-01
8.317935000000000745e-01
4.466526749999999990e-01
9.187397399999995551e-02
6.107602699999999801e-02
6.832963599999999915e-02
8.924799000000008253e-02
1.345755449999999631e-01
1.016844649999999600e-01
4.742487000000002867e-02
9.193679000000001822e-02
4.916249000000001007e-02
4.172880999999998425e-02
2.520574000000000078e-02
3.173084999999999101e-02
7.394326000000002452e-02
8.337761999999997176e-02
5.668564699999997791e-02
4.965684699999999702e-02
4.731113000000000679e-02
5.456223999999999796e-02
5.152626999999999208e-02
7.457654999999999146e-02
6.980849999999999556e-02
5.234894999999999826e-02
2.816179999999997990e-02
4.008674999999998351e-02
7.382460000000000411e-02
3.975552000000000252e-02
2.896561999999998707e-02
5.718564999999996984e-02
6.050861399999998835e-02
4.520898399999999373e-02
4.142171999999998827e-02
5.546009999999998441e-02
7.191443000000000141e-02
6.903600000000001402e-02
4.291569999999999413e-02
6.934145999999997978e-02
6.739504999999998414e-02
6.130088500000000634e-02
6.426785499999999873e-02
1.078197619999999995e-01
4.987938299999999936e-02
5.842305500000000151e-02
7.228697240000001023e-02
2.160360739999999530e-02
4.747931500000000804e-02
6.992836000000000884e-02
4.184901000000000593e-02
4.279512000000000593e-02
3.645069399999999876e-02
2.014505800000000388e-02
2.228908600000000309e-02
2.958430999999999908e-02
5.381260699999999841e-02
2.019793200000000177e-02
3.217296899999999571e-02
3.650548099999999241e-02
3.197409500000000099e-02
5.195545999999999498e-02
5.449881000000000170e-02
5.753094658999999972e-02
4.659501058999999251e-02
3.632560499999999692e-02
4.195519250000000200e-02
5.518153750000000246e-02
2.923249499999999723e-02
3.920922000000000296e-02
8.625362999999998392e-02
3.314688200000000251e-02
4.525191800000000902e-02
6.949219000000000923e-02
4.135664000000001395e-02
3.426408500000000662e-02
6.128960000000001351e-02
7.180857450000001363e-02
3.585503449999999370e-02
3.955784499999998732e-02
5.927890999999999022e-02
6.599459499999998924e-02
5.866106500000000529e-02
1.030604459999999944e+00
7.349741600000000430e-01
2.259258400000000166e-01
4.140020999999998591e-02
6.060219999999999496e-02
9.666880999999999391e-02
9.574698999999999016e-02
7.089069999999998706e-02
1.519065500000000291e-01
5.492303499999999783e-01
1.435806000000000582e-01
5.674825000000000008e-02
3.564360100000000253e-01
8.200845450000000536e-01
3.560270950000000156e-01
4.571569999999999107e-02
4.543799999999999228e-02
5.331355000000000122e-02
3.703599999999997866e-02
4.883900000000000047e-02
7.891140000000002042e-02
6.897526000000001045e-02
6.009806000000001563e-02
5.190242800000002821e-02
5.037036799999999176e-02
9.721229000000000675e-02
1.279531099999999810e-01
3.896473999999999771e-02
3.818492999999999887e-02
1.056545150000000183e-01
6.798304500000000583e-02
5.535984999999997436e-02
5.011752999999997960e-02
4.793458000000001135e-02
4.719784999999999953e-02
2.469880000000001033e-02
1.251398500000000080e+00
3.057583799999999963e-01
2.917307690000000009e-01
1.534543610000000391e-01
2.152351999999999044e-02
4.895379000000000397e-02
8.118026000000000408e-02
5.965609999999997581e-02
8.120158000000003706e-02
6.380658000000000163e-02
7.589187499999998365e-02
7.028754500000002070e-02
5.264512000000004521e-02
4.742490000000000594e-02
7.282750000000001722e-02
3.834718999999998240e-02
7.065527000000000613e-02
5.911487999999997384e-02
6.558237000000000094e-02
7.352079999999999727e-02
4.501754000000001560e-02
6.133581980000001044e-02
7.381147979999999609e-02
5.722685000000000966e-02
4.009420000000000345e-02
3.533482999999998375e-02
6.969058000000002973e-02
6.878133999999999637e-02
3.022883999999999988e-02
5.420845000000000524e-02
7.899620000000000253e-02
5.180334999999999801e-02
4.809363999999999306e-02
1.721798689999999965e+00
8.339421000000000195e-01
3.537881200000000947e-01
2.720853999999998662e-01
1.176169100000000189e-01
8.872852000000006067e-02
1.160803999999999864e-01
1.350624500000000006e-01
1.021565999999999447e-01
8.328515000000001611e-02
