FramewiseDisplacement
7.150885000000001268e-02
3.781440000000000495e-02
3.121570000000001288e-02
2.080119999999999886e-02
3.855900000000000993e-02
1.060959999999997599e-02
4.833409999999999096e-02
3.134289999999996523e-02
3.041219999999999341e-02
3.553189999999999127e-02
2.874975000000000447e-02
5.101049999999997253e-02
4.423330000000000317e-02
4.734480000000002020e-02
5.111589999999995027e-02
4.767205000000000747e-02
3.381510000000001459e-02
7.541215000000001112e-02
4.457244999999999263e-02
5.227825000000000527e-02
3.865004999999998442e-02
4.696124999999999605e-02
3.429269000000000761e-02
2.239042000000000462e-02
2.344659999999999800e-02
1.824921999999998962e-02
3.037758999999999598e-02
2.392455000000002358e-02
3.152453999999999673e-02
4.604742000000001945e-02
5.126839999999999176e-02
4.689321999999999241e-02
6.414727999999997321e-02
5.606654000000000498e-02
8.478639999999997012e-02
1.343689899999999937e-01
6.408338999999997621e-02
3.857522000000000034e-02
1.986005000000000756e-02
3.891988999999999865e-02
2.120831999999999232e-02
3.066339600000000248e-02
9.352453599999999145e-02
3.652230000000000060e-02
6.731100000000000971e-02
4.666203000000000017e-02
4.310336999999998808e-02
5.500900000000000234e-02
3.701289999999999442e-02
9.218977000000000421e-02
5.525696999999999554e-02
1.013774499999999940e-01
6.743824999999999126e-02
2.568407999999999802e-02
4.188501000000001417e-02
3.199375000000002217e-02
4.490915999999998964e-02
7.340804000000000773e-02
3.884523999999998228e-02
3.903706999999999316e-02
1.669270000000000823e-02
2.361683499999999575e-02
1.784264499999999726e-02
2.738201999999999997e-02
2.456577999999999887e-02
6.982989000000000557e-02
3.741606000000000792e-02
6.393194000000000654e-02
6.342663999999999247e-02
1.443718000000001125e-02
2.802656499999998940e-02
3.171380499999999769e-02
4.097022250000000032e-02
5.873990999999999935e-02
3.296417749999999702e-02
6.852572999999999304e-02
6.389112999999999043e-02
3.049535849999999992e-02
4.410980150000000377e-02
5.449687999999999755e-02
1.804576000000000097e-02
3.073986000000000079e-02
2.295807999999999877e-02
4.001413999999999666e-02
4.667777999999999511e-02
3.309361999999999721e-02
3.338830999999999743e-02
4.872707999999999900e-02
5.753046999999999328e-02
4.102766999999999525e-02
2.464460999999999735e-02
6.604484000000000743e-02
9.828459400000000290e-02
4.207247600000000448e-02
1.771884499999999696e-02
5.218955000000000122e-02
4.208033999999999386e-02
5.394572500000000687e-02
7.322560999999999654e-02
4.725112000000000062e-02
7.698200499999999225e-02
3.824016500000000651e-02
7.147819000000001088e-02
1.822291200000000083e-02
6.794366799999999873e-02
4.034924999999999623e-02
1.013423250000000109e-01
9.664623499999999701e-02
3.918112999999999457e-02
1.733449999999999575e-02
6.536825000000001662e-02
8.329029999999999767e-02
4.438309999999999478e-02
5.736594999999998501e-02
4.486090000000000910e-02
4.510894999999999488e-02
6.740239999999997345e-02
7.340440000000002241e-02
4.915333000000003671e-02
3.729852999999998947e-02
4.625898999999999983e-02
3.171773999999998039e-02
5.398486999999997649e-02
4.030533000000001420e-02
5.989249999999997354e-02
7.970385999999995974e-02
3.612494000000002203e-02
1.368585000000001675e-02
3.881162999999999974e-02
3.577078699999998446e-02
7.666351300000001645e-02
4.825004999999998878e-02
4.149482999999998256e-02
7.012011500000002451e-02
3.066545999999999855e-02
5.014146000000001269e-02
4.438595999999999514e-02
8.632612999999997316e-02
3.613875999999997812e-02
4.577142999999996714e-02
3.325166499999999969e-02
1.507701499999997315e-02
2.544445000000000734e-02
7.961507500000004900e-02
6.180177000000004056e-02
3.258480000000001098e-02
4.174560500000000229e-01
3.169178699999999349e-01
1.869658699999999785e-01
1.272282200000000030e-01
6.894453500000000123e-02
6.672669500000000253e-02
3.209021999999998875e-02
8.309826000000000712e-02
8.370189000000004265e-02
5.011625000000001495e-02
2.893569999999998782e-02
8.041413210000006306e-02
2.649190209999997131e-02
1.102372999999999548e-02
1.262110999999999789e-02
1.982584999999998862e-02
5.147508999999998724e-02
3.939494999999998415e-02
5.720155000000000378e-02
6.183850000000001151e-02
6.225567399999998308e-02
5.861776600000005027e-02
6.958461999999995817e-02
1.013765000000000083e-01
6.980100000000000193e-02
3.628143999999992181e-02
5.687734000000004009e-02
3.366533999999999499e-02
5.468749000000000526e-02
3.731149999999998357e-02
6.205106999999996514e-02
4.663949999999998652e-02
3.104588999999999960e-02
9.028287000000000118e-02
4.964057199999998699e-02
1.000383720000000004e-01
1.277903500000000248e-01
8.045709999999994810e-02
2.710041000000000533e-02
6.283028999999996922e-02
7.935795000000009369e-02
5.030574999999992691e-02
3.897067999999999366e-02
3.830858000000006425e-02
6.541489999999998417e-02
1.490404999999999647e-01
7.404787000000005726e-02
5.862872999999997614e-02
9.498519999999999186e-02
7.597519999999995111e-02
7.332567999999994868e-02
2.426719000000002180e-02
3.082042999999998548e-02
