FramewiseDisplacement
3.439659999999999246e-02
4.359725000000000406e-02
3.205759999999999860e-02
4.108884999999999621e-02
7.662279999999999092e-02
8.461429999999997564e-02
9.513549000000000311e-02
9.775059000000001219e-02
5.283787000000000900e-02
3.417815999999999910e-02
8.732426000000000077e-02
8.642626999999998560e-02
6.768592999999999138e-02
9.848497000000000501e-02
1.409533999999999787e-01
1.006359599999999965e-01
7.622971000000000608e-02
7.226844000000000323e-02
7.013831999999999012e-02
3.496793999999999597e-02
5.311303999999999331e-02
8.978941000000000006e-02
8.166341999999998658e-02
3.554432000000000424e-02
6.678021499999999000e-02
5.037726499999999052e-02
7.883523999999998699e-02
9.030016999999999905e-02
9.364365000000000883e-02
6.282695999999998726e-02
9.300068000000000223e-02
8.952500499999999084e-02
7.572530499999999276e-02
7.055198999999999498e-02
4.331623499999999460e-02
1.097657850000000046e-01
1.223324900000000159e-01
1.228481999999999907e-01
8.503985999999999490e-02
6.102040000000000242e-02
7.718765499999999391e-02
8.104457500000000758e-02
5.353721999999998954e-02
5.211767169999999977e-02
5.846972830000000954e-02
7.817050000000000387e-02
2.204760000000000400e-02
8.984799000000000258e-02
7.979056000000001037e-02
5.601857999999999838e-02
6.887257499999999144e-02
3.119176500000000324e-02
3.108757000000000187e-02
4.979995500000000686e-02
5.501752500000000462e-02
5.132390000000000563e-02
6.360491499999999798e-02
6.561780000000000390e-02
5.259572500000000289e-02
3.944543199999999555e-02
4.704876200000000092e-02
7.505575999999999914e-02
8.865316699999999106e-02
3.270589499999999872e-02
4.187635200000000557e-02
3.642797500000000133e-02
4.534269999999999967e-02
3.790850000000000469e-02
7.070991000000001470e-02
5.160196999999999701e-02
6.260082499999999883e-02
5.961227000000000192e-02
5.705943000000000820e-02
1.090120809999999829e-01
7.531086799999998915e-02
5.241371899999999751e-02
3.331734700000000410e-02
4.115674199999999616e-02
5.011171500000000806e-02
3.721719499999999459e-02
4.440304500000000210e-02
3.455956000000000305e-02
3.468854999999999855e-02
6.527368000000001447e-02
8.427831499999999254e-02
9.094013499999999139e-02
8.089394999999999225e-02
6.196713999999999001e-02
9.584470000000000489e-02
7.398984999999999590e-02
5.310541499999998916e-02
5.937580499999999678e-02
6.807359999999999800e-02
9.225068999999999630e-02
7.336523999999998435e-02
5.709790500000000435e-02
8.445268499999999956e-02
6.975055000000000838e-02
6.911420000000000063e-02
1.321223399999999770e-01
1.158862800000000082e-01
6.938418499999998712e-02
7.165414500000000242e-02
7.081456499999999599e-02
7.968706999999999874e-02
4.710080000000000516e-02
5.964362999999999609e-02
3.017974499999999047e-02
4.507993400000000206e-02
7.111822899999999115e-02
4.554935000000000234e-02
4.681544000000001371e-02
7.442719500000000155e-02
7.407263999999999515e-02
8.413933499999998178e-02
7.114237500000000769e-02
7.850276999999998562e-02
4.957596999999999698e-02
8.858228999999999409e-02
1.167340400000000111e-01
4.340345000000000314e-02
5.899105000000000321e-02
4.482105000000000117e-02
4.628705000000000319e-02
4.181364999999998694e-02
6.752270000000000494e-02
3.235056300000000579e-02
7.540873700000000346e-02
6.903540000000001065e-02
4.331136999999999487e-02
7.489275000000000793e-02
4.874845000000000567e-02
2.183726959999999703e-02
3.372083039999999171e-02
5.591128000000000764e-02
3.588471999999999495e-02
6.849173000000000067e-02
3.529555699999999824e-02
6.471965300000000199e-02
3.619056000000001050e-02
3.897421600000000597e-02
5.566940100000000724e-02
6.914443500000000409e-02
6.668355000000000810e-02
7.423672000000000604e-02
3.007044000000000036e-02
3.164632000000000556e-02
8.067470000000001584e-02
7.104650000000001242e-02
5.753049000000000357e-02
4.513699000000000183e-02
3.701285000000000686e-02
2.419945999999999903e-02
3.770586000000000770e-02
4.212449000000000748e-02
4.780094000000000704e-02
2.349605000000000443e-02
5.307759999999999562e-02
5.392845999999999751e-02
7.007520799999999994e-02
4.519934800000000724e-02
5.190163999999999889e-02
1.775678700000000304e-02
1.396754300000000067e-02
6.732135999999999676e-02
1.114830900000000069e-01
8.255039499999999864e-02
5.188946499999999573e-02
5.453809600000000812e-02
5.518008399999999730e-02
7.140599000000000252e-02
4.813146000000000091e-02
4.686472499999999597e-02
4.900886499999999868e-02
4.812113899999999334e-02
1.979734399999999450e-02
7.874413500000000676e-02
7.302555000000000851e-02
3.954524999999999707e-02
6.219500000000000028e-02
5.835045999999999983e-02
4.686341000000000812e-02
2.991982999999998755e-02
3.284590999999999206e-02
8.613121399999999761e-02
7.091638400000001285e-02
3.693226999999998927e-02
4.841558000000002054e-02
4.586825000000001318e-02
7.131265999999999994e-02
5.006200000000000233e-02
6.481480999999997272e-02
6.915428999999997939e-02
8.605487000000000553e-02
6.444263000000001462e-02
7.196529999999999594e-02
3.529860000000000636e-02
3.482426000000000965e-02
8.852091999999998906e-02
