FramewiseDisplacement
2.054094067399999876e-02
2.291232818600000276e-02
4.011648774999999195e-02
4.942970673000000870e-02
4.653762812999999443e-02
1.957906938999999166e-02
3.828264696999998662e-02
5.440212729999999858e-02
4.585090519999999309e-02
3.152599859999999365e-02
4.188773679999999167e-02
2.608948939999999883e-02
5.568655399999999922e-02
1.058113299999999951e-01
8.228974999999999485e-02
7.183045500000000139e-02
8.050528499999999588e-02
6.693604999999999694e-02
4.202217499999999495e-02
5.805475290000000621e-02
4.162758789999999876e-02
2.807035999999999559e-02
5.179711999999999511e-02
6.961226000000000913e-02
5.349182000000000936e-02
6.347407000000000743e-02
3.435781499999999294e-02
1.259203250000000274e-02
1.065769999999999912e-02
3.950162000000000118e-02
6.121087000000000056e-02
5.425634000000000706e-02
2.765704749999999337e-02
4.508635999999999200e-02
4.783466000000000107e-02
5.489144500000000398e-02
3.333992499999999942e-02
4.033688999999999331e-02
2.811131000000000046e-02
3.211648000000000280e-02
2.813146999999999870e-02
1.815557500000000019e-02
5.200618499999999644e-02
5.574960499999999375e-02
5.965982999999999703e-02
3.575705500000000286e-02
1.102920000000000116e-02
5.573616000000000681e-02
5.419326000000000698e-02
6.666980649999999786e-02
5.096186350000000281e-02
5.330723000000001099e-02
4.432922999999999725e-02
7.912741999999998999e-02
5.239430999999999949e-02
1.966056000000000054e-02
3.738782499999999953e-02
4.322035500000000197e-02
5.718399999999999872e-02
8.817326999999999804e-02
7.110915000000000985e-02
5.509474999999999789e-02
6.313797000000000159e-02
5.254844100000000823e-02
8.883910000000000418e-02
1.750663199999999975e-01
7.581345000000000445e-02
5.430927099999999924e-02
2.716021499999999797e-02
3.714407499999999862e-02
4.440344500000000666e-02
8.829590000000001049e-02
1.094580149999999918e-01
4.995890299999999895e-02
5.725160299999999813e-02
7.777716500000000921e-02
6.712982499999999020e-02
3.551718499999999973e-02
4.512035699999999983e-02
3.020807299999999848e-02
2.486461999999999700e-02
6.206629499999999355e-02
4.242565900000000445e-02
4.209892299999999643e-02
8.471312200000000181e-02
4.293185300000000593e-02
2.278964199999999884e-02
6.168485800000000213e-02
5.908011000000000512e-02
3.793480500000000200e-02
4.039654600000000539e-02
4.102656099999999612e-02
2.808501100000000000e-02
1.599801400000000137e-02
2.123289500000000163e-02
4.124022000000000104e-02
5.588851999999999709e-02
2.042806999999999956e-02
2.601306500000000188e-02
3.403828600000000093e-02
2.657507900000000145e-02
7.100217799999999913e-02
8.186704900000001117e-02
2.880008400000000010e-02
5.367161999999999628e-02
4.274880999999999820e-02
5.066419500000000908e-02
5.557110000000000521e-02
4.945921000000000345e-02
3.819082599999999716e-02
2.642051399999999911e-02
1.032059500000000012e-02
4.083077000000000234e-02
4.989646499999999402e-02
4.211403300000000210e-02
5.284972799999999860e-02
3.667614500000000027e-02
3.656066649999999835e-02
5.643175150000000195e-02
5.355430499999999649e-02
4.849174500000000276e-02
5.141480500000000092e-02
6.017869500000000427e-02
4.206428499999999293e-02
5.289738999999999552e-02
4.621894999999999476e-02
3.932818000000000425e-02
4.600364500000000273e-02
5.960827500000000223e-02
3.413157800000000269e-02
4.884499300000000321e-02
1.755388500000000171e-02
2.386206550000000148e-02
4.840030950000000221e-02
6.288148999999999822e-02
7.346490299999999807e-02
6.121629400000001137e-02
4.131858949999999558e-02
6.005282749999998892e-02
6.997637499999999344e-02
6.070759999999999351e-02
5.992818499999998799e-02
4.178269499999999470e-02
4.915277999999999314e-02
5.156310500000000491e-02
4.470307450000000210e-02
5.994375049999999677e-02
5.300138000000000071e-02
3.937743000000000493e-02
1.751776000000000721e-02
5.915210000000001300e-02
5.362695999999999436e-02
4.208829999999999516e-02
3.161130000000000190e-02
2.533840000000000051e-02
5.759220999999999785e-02
4.458306999999999548e-02
3.182023000000000490e-02
3.432214999999999572e-02
4.409590999999998817e-02
6.121650999999999482e-02
2.739893000000000189e-02
8.967947999999999198e-02
6.806202999999999559e-02
3.337463000000000235e-02
3.457220000000001126e-02
5.101460000000000022e-02
5.458324999999999289e-02
4.980835000000000123e-02
6.987643999999999800e-02
6.464174000000000309e-02
3.727545000000000164e-02
4.512530000000000013e-02
2.870330000000000797e-02
3.386945000000000927e-02
6.119155000000001121e-02
6.068390000000000589e-02
4.407490000000000019e-02
2.752059999999999923e-02
4.619265000000000870e-02
5.047055000000001679e-02
4.404759999999999925e-02
8.176859999999999684e-02
5.031874999999999543e-02
5.953105000000001590e-02
3.495810000000000584e-02
3.327930000000001165e-02
3.612200000000000133e-02
3.732795000000001251e-02
2.000110000000001817e-02
9.203329999999997069e-02
3.316415000000000335e-02
4.630494999999999750e-02
3.248660000000001130e-02
4.634634999999999450e-02
3.886884999999999646e-02
3.887085000000000540e-02
4.479124999999999773e-02
5.376490000000001129e-02
