FramewiseDisplacement
2.112269999999997344e-02
3.386125000000000940e-02
5.353324999999999056e-02
6.355832000000001536e-02
4.996037999999997092e-02
6.802840000000003051e-02
7.313049000000003408e-02
6.408065000000000289e-02
5.108784999999999021e-02
4.325994999999999147e-02
7.425245000000001150e-02
3.529594999999999955e-02
1.029546699999999843e-01
9.933541499999998248e-02
7.851828500000000710e-02
9.780659999999996579e-02
4.529048499999999144e-02
7.361529999999999463e-02
2.825402000000001856e-02
2.554136500000000684e-02
4.745064500000001351e-02
5.525304999999999800e-02
5.312991499999999978e-02
2.471225499999998854e-02
6.658458500000001556e-02
6.715449000000001112e-02
2.171193500000000512e-02
4.249712500000001059e-02
4.870061500000000959e-02
4.486282799999999349e-02
5.076616300000000304e-02
6.941041999999998657e-02
5.351385000000000169e-02
5.468212499999998422e-02
2.165435400000000066e-02
4.521936900000000231e-02
4.288591999999998711e-02
2.054503499999998234e-02
6.181571500000000718e-02
6.003962000000000188e-02
5.520423999999998776e-02
4.127649999999999375e-02
5.798372699999998492e-02
6.372590300000000041e-02
4.049214000000001673e-02
2.398320000000000313e-02
3.328262999999999361e-02
7.562668999999999642e-02
2.133489999999999692e-02
2.868704999999999866e-02
2.676842000000000110e-02
5.639775999999999817e-02
4.650503999999999749e-02
3.596762799999999455e-02
3.948301699999999526e-02
3.088344099999999759e-02
2.210994499999999890e-02
6.290479999999999683e-02
4.882317499999999644e-02
3.355666000000000204e-02
5.893840000000000190e-02
4.904658000000000628e-02
6.401750999999999969e-02
4.149469999999999548e-02
4.197584000000000037e-02
3.414829999999999949e-02
4.710588000000000275e-02
5.761346000000000522e-02
5.271855999999999071e-02
4.707440000000000235e-02
3.263056000000000290e-02
5.874652000000000346e-02
3.170524999999999732e-02
3.138874999999999998e-02
4.992491000000000290e-02
2.748621000000000397e-02
2.849691999999999850e-02
6.994688150000000215e-02
3.827503650000000507e-02
4.993224499999999316e-02
4.682228500000000515e-02
2.802959499999999743e-02
4.485065000000000579e-02
1.915272999999999975e-02
2.471620176999999793e-02
4.256857722999999455e-02
4.129779399999999878e-02
6.331792499999999713e-02
3.166180000000000383e-02
5.117226000000000413e-02
4.057995000000000352e-02
4.059645500000000351e-02
5.933389499999999761e-02
1.511869999999999881e-02
5.087049999999999905e-02
3.417451999999999990e-02
2.917522000000000171e-02
3.178008000000000222e-02
3.514372999999999803e-02
4.843621500000000468e-02
5.002277499999999849e-02
4.705184499999999492e-02
4.042451500000000114e-02
4.413999999999999868e-02
4.338762999999999648e-02
3.171279999999999932e-02
3.344542500000000085e-02
3.122885999999999718e-02
4.332072499999999743e-02
3.201204500000000286e-02
3.936516600000000005e-02
4.340054899999999660e-02
3.887142999999999848e-02
2.775042500000000217e-02
1.659469000000000222e-02
4.464440000000000075e-02
6.161351999999999107e-02
2.877955985499999411e-02
1.149475514500000392e-02
1.234037500000000065e-02
3.902939999999999882e-02
1.121784000000000669e-02
2.756124000000000074e-02
4.695022000000000084e-02
3.899629999999999763e-02
3.657492999999999161e-02
2.574767999999998808e-02
3.245642999999999445e-02
3.692438000000000664e-02
4.756817999999998769e-02
2.394210000000000435e-02
2.922829999999999526e-02
3.779961499999999475e-02
3.173776000000000375e-02
3.917367000000000071e-02
3.909206500000001611e-02
4.144583199999998802e-02
3.978710200000000474e-02
6.333936500000000858e-02
4.011529499999999526e-02
3.855338500000000945e-02
3.854911000000000448e-02
5.165886000000001477e-02
5.037106000000000916e-02
7.729549999999991289e-03
1.129760000000000486e-02
1.303424999999999723e-02
3.122459999999999819e-02
3.068709999999999841e-02
2.818715000000000109e-02
1.783560000000000006e-02
3.698075000000000667e-02
5.528339999999999643e-02
3.865899999999999198e-02
3.607437999999998923e-02
8.290397999999998824e-02
4.261309999999998710e-02
3.789990000000000026e-02
2.922133999999998108e-02
4.161923999999997403e-02
4.990570000000000422e-02
6.219070000000000153e-02
6.226399999999999990e-02
4.175654999999998951e-02
6.966529999999999945e-02
2.215019999999999836e-02
1.148773499999999892e-01
1.197325999999999946e-01
4.983160000000003836e-02
3.442744999999999833e-02
4.732379999999999226e-02
3.399510000000001420e-02
5.937070000000000541e-02
4.118360000000001464e-02
2.271559999999999552e-02
2.816329999999997794e-02
4.867073000000000232e-02
3.839993000000000573e-02
3.883250000000001284e-02
6.415790000000000382e-02
3.083669999999999467e-02
4.876869999999999816e-02
3.204039999999999666e-02
2.455920000000000672e-02
5.041280000000002148e-02
4.727170000000002759e-02
3.416630000000001055e-02
3.590000000000001523e-02
3.703000000000002817e-02
2.582189999999999139e-02
3.380840000000000234e-02
5.257520000000001636e-02
2.111670000000000214e-02
2.436050000000001062e-02
4.397840000000000776e-02
4.275309999999993976e-02
2.101749999999996676e-02
4.114139999999993913e-02
6.691829999999995837e-02
