FramewiseDisplacement
6.702087100000003739e-02
4.912802100000000782e-02
4.507545000000000301e-02
5.550149999999999528e-02
1.949430000000000260e-02
7.625497700000001544e-02
5.256437699999999547e-02
2.296010000000000412e-02
2.880669999999999759e-02
3.057522299999999166e-02
2.599577999999999611e-02
5.938762299999999356e-02
2.607650999999999719e-02
5.859491000000000005e-02
1.837274000000000546e-02
5.241450599999999960e-02
3.575858600000000193e-02
4.786685000000000245e-02
3.765397000000000882e-02
3.299836800000000014e-02
6.715183800000000536e-02
4.459931999999999785e-02
8.900829000000001767e-02
6.039585199999999987e-02
3.918392699999999340e-02
2.462295899999998594e-02
2.894126999999999117e-02
3.383313999999998378e-02
2.155582999999998764e-02
4.053918999999998884e-02
4.631941999999998616e-02
5.103967399999998628e-02
4.865332399999999780e-02
3.568448000000000453e-02
2.348641000000000617e-02
1.041788399999999948e-01
1.205768500000000132e-01
1.250735000000000319e-01
3.652752999999998862e-02
4.424347999999999476e-02
4.029093099999998817e-02
3.960792900000000005e-02
2.935969999999999205e-02
1.776344999999998620e-02
5.537572529999999771e-02
5.882137529999999226e-02
2.037484999999999991e-02
5.776618089999999150e-02
4.455052090000000131e-02
4.313846000000000347e-02
3.828473000000000986e-02
6.518560510000000197e-02
5.634332489999999138e-02
7.794055000000001121e-02
3.693463000000000301e-02
5.300781000000000243e-02
6.068711000000000244e-02
6.577897399999999006e-02
3.399376000000001175e-02
4.784278599999999826e-02
6.803918700000000097e-02
4.453301599999999472e-02
4.279638900000000412e-02
6.390026999999999513e-02
5.566114000000000478e-02
1.208234999999999865e-02
1.859934499999999630e-02
5.171173499999999479e-02
6.750574000000000852e-02
5.692297000000000329e-02
5.644314999999999749e-02
7.582345999999999531e-02
4.736351999999999923e-02
2.163231799999999760e-01
5.279933499999998892e-02
1.100360800000000083e-01
6.505852499999999206e-02
9.470264999999998545e-02
6.843923300000000209e-02
7.690773700000001767e-02
3.803466500000000916e-02
5.817630999999999497e-02
6.735015499999999489e-02
5.235336499999999893e-02
4.108198999999999879e-02
7.076675500000001451e-02
8.357540300000000644e-02
5.594671700000000691e-02
5.329981970000000763e-02
5.900661529999999544e-02
5.076983499999999927e-02
5.691409999999999525e-02
7.540784999999999849e-02
6.903720000000000689e-02
6.502057999999999449e-02
9.061465999999999965e-02
5.999732499999999719e-02
7.854710500000000595e-02
1.201372780000000001e-01
8.132781730000000764e-02
1.261821586999999911e-01
1.152576299999999859e-01
5.857528999999999514e-02
5.503270999999999857e-02
1.201480799999999904e-01
1.402107900000000296e-01
5.849262400000000695e-02
4.907197400000001125e-02
4.694169999999999593e-02
5.947140000000000065e-02
2.542069999999999400e-02
4.586230000000000168e-02
6.313689999999999580e-02
4.827970000000000178e-02
4.411034999999999956e-02
7.861590000000000245e-02
1.360601449999999657e-01
6.583129000000000064e-02
5.932806499999999233e-02
2.511065000000001213e-02
8.092543000000000653e-02
5.766994999999999760e-02
2.361043999999999643e-02
3.861074000000000450e-02
7.131840999999999875e-02
2.590678000000001119e-02
5.940102000000001270e-02
3.650952000000000364e-02
2.771750000000000602e-02
5.596429999999999461e-02
6.436570000000001179e-02
7.493390000000001161e-02
5.605271000000000559e-02
2.626205000000000206e-02
7.786759000000000042e-02
6.073944000000000565e-02
2.774114999999998873e-02
6.854737999999999110e-02
5.224666000000000032e-02
2.549734999999999502e-02
4.695844999999999186e-02
3.284141999999999617e-02
6.754846999999999935e-02
3.777950000000000752e-02
3.327244999999999508e-02
2.814765999999998755e-02
4.508421000000000650e-02
5.924379999999998536e-02
5.540490000000000692e-02
4.434269999999999878e-02
1.280653000000000867e-02
2.131792999999999882e-02
1.775215000000000126e-02
3.494281999999999944e-02
9.277822000000002234e-02
1.427617800000000048e-01
8.401790600000000331e-02
3.105009600000000272e-02
3.631209000000000520e-02
4.094137000000000470e-02
7.755801000000001055e-02
3.485919999999998603e-02
3.383330000000001059e-02
4.499924999999999758e-02
5.273090000000001110e-02
4.772405000000001091e-02
4.920474999999999849e-02
9.544200000000002682e-03
2.410489999999999855e-02
6.596150000000000624e-02
2.302404999999999730e-02
3.144699999999993334e-03
2.716260000000000202e-02
5.238585000000001157e-02
4.369749999999999329e-02
2.711604999999998183e-02
2.602389999999999565e-02
3.377540000000000403e-02
4.198904999999999998e-02
7.181953000000000642e-02
4.711923999999999974e-02
5.679563999999998752e-02
6.726354999999999140e-02
9.283791999999997657e-02
3.465939999999998605e-02
4.828862000000000432e-02
3.211630000000000040e-02
4.138870000000000743e-02
2.837800000000000739e-02
6.888829999999998566e-02
5.892939999999999290e-02
2.612870000000001164e-02
9.691629999999999689e-02
6.898289999999999977e-02
1.098842000000000013e-01
4.568530000000001201e-02
5.818834999999998592e-02
6.212505000000000110e-02
5.928247299999998832e-02
