FramewiseDisplacement
7.889090000000006930e-02
7.831750000000006762e-02
7.269810000000014039e-02
6.922769999999991986e-02
7.368410000000004401e-02
9.162239999999992335e-02
4.591064999999999036e-02
7.346885000000011323e-02
7.655210000000003956e-02
1.033706999999999959e-01
6.260229999999988859e-02
6.760850000000007132e-02
8.509839999999996296e-02
6.306860000000008570e-02
4.163810000000012224e-02
6.065750000000008635e-02
7.951040000000018926e-02
7.945750000000001423e-02
7.455069999999994201e-02
7.879089999999996929e-02
5.640149999999999331e-02
7.808379999999988386e-02
8.358580000000001564e-02
1.000140000000025731e-02
4.281679999999993269e-02
1.794830000000004547e-02
7.304750000000005683e-02
6.036039999999991135e-02
1.181203000000000669e-01
5.668519999999993564e-02
6.223609999999992620e-02
4.831660000000005672e-02
4.648179999999993428e-02
4.090789999999991378e-02
4.636280000000000956e-02
1.205939999999993892e-02
4.083449999999998192e-02
8.077460000000004359e-02
5.135180000000000300e-02
1.218121999999999538e-01
2.152459999999999374e-01
1.310161999999999161e-01
9.863809999999986755e-02
8.401830000000000409e-02
5.825639999999997209e-02
8.074999999999993294e-02
1.163349000000000466e-01
2.418660499999999991e-01
2.640443300000000493e-01
2.132942699999999803e-01
1.402092649999999718e-01
1.765148500000000009e-01
1.745250449999999898e-01
3.023576900000000123e-01
8.203611999999999016e-02
8.676815000000001610e-02
2.966179499999999636e-01
1.872338000000000058e-01
1.894667999999999908e-01
1.418887000000000342e-01
1.009051499999999990e-01
1.524601700000000060e-01
5.503216999999999831e-02
6.897475000000002909e-02
1.064090499999999911e-01
4.756100000000001299e-02
5.321095000000000685e-02
4.834984999999997896e-02
3.320544999999998359e-02
6.849255000000004090e-02
1.183015000000003057e-02
5.402209999999998957e-02
1.663759999999999198e-02
1.165220000000000006e-01
7.759454999999998437e-02
1.003369800000000200e-01
6.762776999999997596e-02
4.116760000000000558e-02
3.534935000000000160e-02
1.013469500000000051e-01
7.307749999999998969e-02
6.232424999999999077e-02
5.816492000000001578e-02
4.484477999999998687e-02
4.680434000000000677e-02
5.806358899999999879e-02
6.727586100000002012e-02
9.087724999999997888e-02
1.103387600000000079e-01
1.309097899999999981e-01
5.265259999999999385e-01
3.182520499999999530e-01
1.303274000000000099e-01
1.648539400000000044e-01
5.696461999999999359e-02
5.265031999999999351e-02
7.696194000000000646e-02
1.028845599999999999e-01
7.349728499999999554e-02
4.520513850000000555e-02
3.368931500000000440e-02
3.780057150000000477e-02
3.236906999999999979e-02
2.708209999999999784e-02
6.203126000000000473e-02
4.487100499999999853e-02
3.836458500000000660e-02
5.008631999999999668e-02
4.890074600000000188e-02
3.525028599999999873e-02
4.431891949999999109e-02
4.048421049999999938e-02
3.848252999999998702e-02
3.048082999999999695e-02
1.374824000000000046e-01
8.716563000000000783e-02
1.299236750000000162e-01
6.670740500000001127e-02
9.988570999999998867e-02
6.766194999999999848e-02
3.138950000000000767e-02
7.642619999999999969e-02
3.353153999999999163e-02
1.179558999999999989e-02
4.965311000000000724e-02
5.774920999999999527e-02
3.893999500000000502e-02
6.160822499999999563e-02
7.548157999999999257e-02
6.430183999999998512e-02
1.354740600000000073e-01
8.682320000000000315e-02
6.286459999999999271e-02
1.316828500000000179e-01
1.186702499999999910e-01
9.856052000000001256e-02
9.161268499999997150e-02
1.395329049999999849e-01
1.540303500000000103e-01
2.237260499999999541e-01
1.116109000000000961e-01
7.474899999999995437e-02
8.741019999999991019e-02
6.939785000000002479e-02
5.180969999999999326e-02
7.255964999999997556e-02
4.686200000000004251e-02
5.872075000000001599e-02
3.029115000000001320e-02
1.640969999999995418e-02
5.138069999999993198e-02
9.412725000000002340e-02
3.110204999999995751e-02
4.389669999999996908e-02
4.077644999999998493e-02
8.816394999999999094e-02
6.845214999999997552e-02
7.379794999999994554e-02
2.899244999999998906e-02
4.514829999999998844e-02
9.805039999999999589e-02
3.678125000000003614e-02
8.012684999999993007e-02
8.831680000000001474e-02
5.788374999999996995e-02
5.444509999999998934e-02
1.449252500000000055e-01
2.489218250000000410e-01
1.301570999999999978e-01
1.459338749999999629e-01
3.243039999999997730e-02
7.858300000000004171e-02
6.339059999999999140e-02
3.239109999999999212e-02
3.775141000000001301e-02
6.485830999999997459e-02
9.660684999999999412e-02
7.831855000000002842e-02
2.936949999999997896e-02
7.607550000000000423e-02
6.305099999999998206e-02
7.391240000000003085e-02
9.435590000000002031e-02
1.028829500000000147e-01
4.286330000000002083e-02
3.943115000000001896e-02
3.609490000000002696e-02
1.196638000000000146e-01
1.234571499999999461e-01
1.124769799999999903e-01
1.004301200000000255e-01
9.040183999999998332e-02
1.964389399999999786e-01
1.990072999999999981e-01
8.464239999999997877e-02
1.452102500000000684e-01
8.621234999999999316e-02
2.927509500000000653e-01
2.368706999999999341e-01
