FramewiseDisplacement
1.690737549999999922e-01
3.051997890000000546e-01
8.712419940000000196e-01
4.856955500000000314e-01
2.652348999999999957e-01
1.113973500000000061e-01
1.539346149999999969e-01
1.448051649999999857e-01
7.423974999999997937e-02
1.359070999999999751e-01
1.228726499999999999e-01
1.192377349999999975e-01
4.577173500000001477e-02
1.357975999999999905e-01
1.516897500000000121e-01
7.264370000000000549e-02
3.033424499999999857e-01
1.829192500000000332e-01
1.043652400000000119e-01
9.793117999999999268e-02
3.721632450000000314e-01
1.002460699999999927e-01
1.123150949999999759e-01
5.164185000000001691e-02
7.572140000000002202e-02
4.995165000000000022e-02
4.664956000000000658e-02
5.409993000000001828e-02
7.908498999999998003e-02
6.061038000000000536e-02
1.512904500000000207e-01
1.725104799999999938e-01
1.197215699999999855e-01
9.268979400000000590e-02
9.391820499999999072e-02
8.160895000000008281e-03
7.385703400000000196e-02
1.503633999999999804e-01
3.259715000000000251e-01
1.188312500000000271e-01
1.694302000000000030e-01
2.623860999999999555e-01
2.080278999999999601e-01
1.174459999999999671e-01
2.581281000000000270e-01
3.824703000000000408e-01
8.560429999999999429e-02
2.516265000000000307e-01
1.900073999999999930e-01
3.513904999999999945e-01
1.879547000000000023e-01
2.674359000000000042e-01
5.106874000000000136e-01
2.214521499999999588e-01
2.720357500000000206e-01
1.299128000000000227e-01
1.664469000000000087e-01
9.816895000000000482e-02
4.724251000000000145e-02
9.066498600000001684e-02
5.222537400000002578e-02
1.599252899999999977e-01
6.334856000000002596e-02
1.553258500000000153e-01
6.977519999999998168e-02
1.051924499999999790e-01
3.848819999999998631e-02
4.104389999999999428e-02
6.293389999999998707e-02
7.760385000000000200e-02
7.540214999999998724e-02
2.864734999999998463e-02
3.702373999999999943e-02
5.502963999999999772e-02
4.306210599999998889e-02
5.321754600000000446e-02
7.136483999999999883e-02
4.897940999999998712e-02
3.865499999999999492e-02
4.708588300000000060e-01
1.199570450000000121e-01
7.487546999999995789e-02
2.245806050000000165e-01
3.336621000000000170e-01
1.897181499999999743e-01
1.857495499999999855e-01
1.063721000000000111e-01
1.122116600000000186e-01
7.642694499999999613e-02
1.543119549999999729e-01
2.053398900000000249e-01
3.451655000000000140e-01
3.031830200000000253e-01
9.550153000000000114e-02
8.676995000000002622e-02
8.730965999999999727e-02
4.661850000000000716e-02
1.040442799999999890e-01
6.751030000000000919e-02
1.007488439999999902e-01
8.071690400000000598e-02
5.458396999999999555e-02
9.646802999999999628e-02
1.840075700000000092e-01
1.889536400000000338e-01
8.506726400000000354e-02
8.400213600000000502e-02
1.360464099999999787e-01
8.230420999999998877e-02
7.435891999999999502e-02
3.395191999999999655e-02
1.858997000000000011e-01
1.727839549999999891e-01
1.194846922000000061e-01
1.519553472000000072e-01
4.061849999999999489e-02
1.079149900000000162e-01
9.165993999999999531e-02
1.735556000000000321e-01
3.791390000000000038e-02
3.433305000000000384e-02
4.831311500000001063e-02
3.090710000000000679e-02
4.953541499999999237e-02
4.706604999999999817e-02
4.830496500000001914e-02
5.665000000000000591e-02
6.707190500000000111e-02
3.417864000000000319e-02
5.723314999999998959e-02
3.912045000000000800e-02
5.559359999999999996e-02
9.051314000000000581e-02
2.513974100000000433e-01
3.456925600000000376e-01
2.358492100000000036e-01
1.124720800000000021e-01
4.902865999999998781e-02
7.328370999999998803e-02
1.545981300000000280e-01
1.214571700000000171e-01
1.175049039999999934e-01
9.154507400000000406e-02
9.370045999999999931e-02
9.292600999999998945e-02
4.880446999999999563e-02
2.314805999999999808e-02
1.259491000000000083e-01
8.081255999999999162e-02
1.408318400000000137e-01
5.921469999999998124e-02
5.275540000000002866e-02
8.815365000000000006e-02
1.188154499999999891e-01
1.274161499999999780e-01
4.422053499999999970e-01
1.986369999999999802e-01
3.681844499999999965e-01
2.890998000000000179e-01
1.347465000000000190e-01
1.147967000000000015e-01
9.716879999999999962e-02
2.875198000000000476e-01
1.510261499999999979e-01
2.703520000000000367e-01
2.214129200000000131e-01
1.611446199999999884e-01
7.192219999999997782e-02
6.152089999999997560e-02
5.631129999999997388e-02
5.288840000000001595e-02
6.543340000000001655e-02
6.111950000000000716e-02
3.651295000000002317e-02
4.429450000000002136e-02
1.446802999999999839e-01
1.704461999999999922e-01
1.333997000000000099e-01
1.831449000000000271e-01
2.401450400000000041e-01
6.084529000000001020e-02
6.862195000000000100e-02
1.619115549999999848e-01
2.759782050000000320e-01
9.763439999999998231e-02
2.989269000000000509e-01
1.741917500000000341e-01
1.362711500000000353e-01
1.389610000000000012e-01
9.432870000000000144e-02
1.077999999999999931e-01
2.455918500000000004e-01
2.467174500000000326e-01
2.172740999999999978e-01
7.795969999999997901e-02
1.767248500000000166e-01
2.522551499999999836e-01
2.691482500000000333e-01
2.399257060000000163e-01
