FramewiseDisplacement
4.723640000000000477e-02
5.707590000000001967e-02
2.807979999999998810e-02
5.486280000000001711e-02
5.503929999999998546e-02
3.957620000000001276e-02
7.265300000000000924e-02
7.503467999999999249e-02
8.980957999999998609e-02
5.168179999999999302e-02
4.372650000000000842e-02
4.641199999999998799e-02
6.522775000000000101e-02
7.246861000000001662e-02
7.855175999999999825e-02
5.462575000000001457e-02
5.131000000000000838e-02
6.624964999999997939e-02
4.875310000000002142e-02
4.823900000000001798e-02
8.054449999999999110e-02
9.280561999999997758e-02
7.725862000000000007e-02
7.088289999999997093e-02
3.025199999999999417e-02
3.647960000000000091e-02
6.242840000000000195e-02
6.863114999999998800e-02
6.402874999999996763e-02
9.851295000000000190e-02
5.315414999999997642e-02
3.568249999999998506e-02
2.086840000000001263e-02
2.909275000000001443e-02
8.593039999999997625e-02
2.073919999999999930e-02
8.456450000000000078e-02
9.119725000000002135e-02
7.458580000000000765e-02
2.493939999999997270e-02
4.682580000000000769e-02
4.629829999999999363e-02
9.103129999999998168e-02
6.817639999999999811e-02
4.050310000000001409e-02
9.312774000000001440e-02
9.705014000000000696e-02
5.716830000000001216e-02
6.097220000000000417e-02
4.622159999999999463e-02
8.943219999999998948e-02
5.301430000000001419e-02
4.609863499999999892e-02
5.893388500000000529e-02
8.577740000000000364e-02
1.205659499999999912e-01
7.020654999999999257e-02
8.961300000000001209e-02
1.059315099999999926e-01
3.506314000000000652e-02
8.746329999999999383e-02
9.946404999999999830e-02
1.001723500000000072e-01
2.016434999999999755e-02
9.689799100000001664e-02
5.270439099999998239e-02
4.090704999999999342e-02
6.455968500000001942e-02
1.041757850000000069e-01
3.524679999999999480e-02
1.020806999999999964e-01
6.403445000000000664e-02
4.530324999999999630e-02
5.730520000000002140e-02
3.883575000000001609e-02
3.867879999999999929e-02
2.354398399999999836e-01
1.780089400000000044e-01
8.939660000000000661e-02
5.540745000000001086e-02
9.541180999999999968e-02
1.327501900000000179e-01
7.655688000000002158e-02
5.731025000000000008e-02
8.869392500000002066e-02
8.449336499999998695e-02
1.373093350000000046e-01
4.301969499999999669e-02
6.387976999999998851e-02
6.202342000000000966e-02
8.984518999999999145e-02
7.512324999999998865e-02
5.575114000000001152e-02
1.176456900000000111e-01
4.879440000000000166e-02
5.284172999999998954e-02
8.343778500000000042e-02
4.885287500000000394e-02
4.999135000000000384e-02
6.133217849999999388e-02
6.921477150000000800e-02
7.543506499999999559e-02
5.679730499999999932e-02
4.207745000000000235e-02
8.034927499999999778e-02
9.016829800000000783e-02
4.820769699999999380e-02
1.695609000000000005e-02
6.618419999999999859e-02
5.929677000000000558e-02
7.628033000000000730e-02
1.121509099999999926e-01
4.950356000000001588e-02
5.559910000000000546e-02
5.734009999999998414e-02
5.977514000000001132e-02
1.671246000000000537e-02
2.110284200000000013e-02
7.251021299999999004e-02
5.640708199999999728e-02
6.331243299999998742e-02
5.374212999999998519e-02
6.080642999999999465e-02
6.896750000000000103e-02
4.892411000000000676e-02
2.765522000000001160e-02
6.431962999999998876e-02
4.751424999999998705e-02
3.748740999999999879e-02
5.388769999999998284e-02
6.383416999999999564e-02
4.574291999999999248e-02
5.358696999999998378e-02
5.698790000000001493e-02
4.608996800000000199e-02
3.568436799999999409e-02
4.443262500000001031e-02
6.117697500000002231e-02
8.699155000000001470e-02
4.351986999999999522e-02
5.414667499999999134e-02
5.910634499999997682e-02
5.407806999999999198e-02
3.139650000000000774e-02
6.145051999999999459e-02
8.456555000000000322e-02
3.885904999999999221e-02
4.321930000000000216e-02
5.071975000000000788e-02
7.950762000000000107e-02
2.209062699999998422e-02
4.646589700000001988e-02
3.126984999999999487e-02
8.421340000000002157e-02
7.641755000000000075e-02
5.289000000000002033e-02
3.116941999999999977e-02
4.472857999999999001e-02
4.544851500000000183e-02
4.636929500000000481e-02
6.930005999999999666e-02
2.368370000000002279e-02
6.446534999999999072e-02
4.214606999999999382e-02
6.280853000000001518e-02
7.313284999999999925e-02
8.145179999999999088e-02
3.167330000000001533e-02
3.980955000000001992e-02
3.500672000000001893e-02
4.123546999999999629e-02
2.007544000000000342e-02
2.999933999999999240e-02
3.483359999999998541e-02
3.166540000000001021e-02
5.360255000000000575e-02
3.895150000000000695e-02
9.005230000000000179e-02
8.755514999999998438e-02
4.327239999999998865e-02
2.646870000000001166e-02
5.308015000000002037e-02
5.636584999999998125e-02
2.341385000000000688e-02
8.138564999999998995e-02
6.498169999999996171e-02
5.146285000000003912e-02
3.498839999999999589e-02
5.547919999999999935e-02
6.335819999999998953e-02
4.262130000000001473e-02
4.441715999999999720e-02
7.255146000000001205e-02
6.248564999999997593e-02
4.401247800000002153e-02
7.400587200000002808e-02
8.988470000000001181e-02
4.735882000000000286e-02
3.764086999999996519e-02
