FramewiseDisplacement
1.981634999999999369e-01
5.964909999999996881e-02
1.415914999999999813e-01
1.011676500000000395e-01
1.600459999999999938e-01
1.781114500000000045e-01
1.159827880000000172e-01
9.786909200000001863e-02
1.625396400000000408e-01
1.631866800000000284e-01
8.602708000000000577e-02
1.212328399999999806e-01
1.331289199999999839e-01
1.608998000000000095e-01
1.047769699999999832e-01
1.001025575000000084e-01
9.305832250000002637e-02
7.606225000000002567e-02
1.019873000000000168e-01
1.625404000000000293e-01
1.965250500000000067e-01
1.245006599999999991e-01
1.880273099999999753e-01
2.662365499999999607e-01
2.780367849999999530e-01
1.988555300000000303e-01
7.780444999999998335e-02
2.291412699999999802e-01
2.015938650000000110e-01
4.946374999999998689e-02
3.031471400000000371e-01
1.136445900000000175e-01
2.950485499999999650e-01
2.837884999999999991e-01
2.506130500000000594e-01
2.835514499999999272e-01
8.378715000000000468e-02
2.468861300000000092e-01
2.314675300000000324e-01
6.023169500000000870e-02
1.993382099999999879e-01
2.190110050000000363e-01
1.047983499999999846e-01
2.134949550000000140e-01
1.994983400000000240e-01
9.367303999999998521e-02
2.836270300000000022e-01
1.660180299999999831e-01
1.181218799999999985e-01
2.070266099999999998e-01
2.322964200000000035e-01
8.737869999999998971e-02
1.190312999999999927e-01
5.963866999999999780e-02
1.416744099999999729e-01
7.658439000000001606e-02
1.263332549999999777e-01
6.648234999999998174e-02
1.656506049999999786e-01
1.254892550000000218e-01
1.822479500000000474e-01
2.312122100000000569e-01
1.522185400000000133e-01
1.025514999999999899e-01
1.234384500000000051e-01
6.460205000000002196e-02
1.404181000000000179e-01
2.388311600000000146e-01
8.902424000000000448e-02
9.708284000000000358e-02
1.064592299999999742e-01
6.113912999999997211e-02
9.095890999999999005e-02
7.039109000000000338e-02
5.134454999999996799e-02
9.021670499999998039e-02
1.179968450000001834e-02
1.560443794999999689e-01
4.510331499999999938e-01
3.443384000000000444e-01
9.085845000000000726e-02
2.305169000000000246e-01
1.448688699999999829e-01
6.123228000000000004e-02
1.841225499999999959e-01
7.026684999999999182e-02
8.519980000000000608e-02
7.508650000000000047e-02
1.712389999999999746e-01
2.932342000000000004e-01
2.219527099999999975e-01
4.919747000000000009e-02
3.282915999999999612e-02
8.624985999999999764e-02
8.139050000000000451e-02
5.912077999999999778e-02
2.295923400000000059e-01
1.703354900000000061e-01
6.383283000000000706e-02
1.293394579999999905e-01
1.619815629999999951e-01
2.759219050000000228e-01
1.557708399999999938e-01
1.068613099999999871e-01
2.237259050000000027e-01
2.261380649999999992e-01
8.175256999999999663e-02
1.407471500000000153e-01
2.064323799999999709e-01
2.080707799999999830e-01
2.698060999999999932e-01
1.370079499999999895e-01
1.438895500000000049e-01
9.915609999999999702e-02
8.194849999999999357e-02
7.599860999999998035e-02
8.766114999999997937e-02
1.861452899999999910e-01
2.148349200000000125e-01
1.275004499999999874e-01
1.746420049999999891e-01
9.755124499999999477e-02
1.397446999999999995e-01
1.674530999999999659e-01
2.174536000000000524e-01
2.676391900000000268e-01
2.217719599999999902e-01
1.723695500000000103e-01
2.818226500000000079e-01
7.506944999999998203e-02
1.947975499999999860e-01
2.723612000000000255e-01
1.215089999999999781e-01
9.126360000000000028e-02
9.572395000000000209e-02
2.711740499999999998e-01
9.945635000000002668e-02
8.563245000000001272e-02
1.159464999999999663e-01
1.513706000000000496e-01
1.066385000000000388e-01
1.360680999999999141e-01
3.239174449999999705e-01
2.238867950000000828e-01
2.165225999999999262e-01
1.542568500000000287e-01
2.179958999999999369e-01
2.883139999999997580e-02
3.771404999999999202e-02
9.113074999999992709e-02
4.827729499999999091e-02
2.137332849999999673e-01
5.982764499999996405e-02
9.256524000000010410e-02
7.845140499999996020e-02
6.183324000000000042e-01
4.375356060000001324e-01
2.319105559999999344e-01
3.834583999999999215e-01
3.015819999999999612e-01
2.462531499999999207e-01
1.690163000000000637e-01
1.169320999999999972e-01
7.300030000000004571e-02
9.677439999999995490e-02
1.321795000000000053e-01
1.226339000000000040e-01
1.543068499999999676e-01
1.040391499999999414e-01
1.156577000000000022e-01
1.418411000000000810e-01
1.805142000000000690e-01
1.912045499999999454e-01
3.016962999999999173e-01
3.569127500000000563e-01
3.318400000000001349e-01
5.164703000000000488e-01
1.673797999999999675e-01
6.410500000000000087e-01
2.949490000000000167e-01
1.884820000000000662e-01
2.151554999999999163e-01
4.038913000000000086e-01
2.550428000000000139e-01
1.725508499999999779e-01
3.860323499999999131e-01
3.184335050000000056e-01
5.131834500000011234e-02
2.398653499999999494e-01
2.416508499999999726e-01
8.601554999999998230e-02
1.702899200000001223e-01
3.266653750000001466e-01
2.983966050000001480e-01
3.621771200000001301e-01
7.502026999999997225e-02
1.701651999999999887e-01
1.190476949999998979e-01
2.849955550000001225e-01
