FramewiseDisplacement
6.850675000000004677e-02
4.911949999999995486e-02
2.319619999999998280e-02
4.904379999999999157e-02
5.320350000000000773e-02
5.017659999999998094e-02
7.241195000000003046e-02
2.928049999999998709e-02
3.053910000000006203e-02
4.825549999999997203e-02
7.420170000000003707e-02
4.599784999999999291e-02
7.204775000000000762e-02
6.463144999999999307e-02
6.488019999999994347e-02
8.442730000000001067e-02
7.978614999999998625e-02
2.627657999999999938e-01
1.547211500000000017e-01
2.088056000000000356e-01
1.271179999999999810e-01
7.557205000000000172e-02
1.249828500000000064e-01
1.006873499999999949e-01
1.159671499999999911e-01
7.297970000000003621e-02
3.362144999999999717e-02
3.953767000000003168e-02
1.155064700000000555e-01
2.621671000000000418e-01
1.525491500000000222e-01
8.883325000000004412e-02
9.424885000000000901e-02
5.232499999999999651e-02
5.094275000000001580e-02
4.827034999999994802e-02
9.174544999999997841e-02
1.075024499999999994e-01
6.508579999999998533e-02
8.474239999999998163e-02
4.999660000000001603e-02
5.784199999999997677e-02
1.687616500000000130e-01
1.510322999999999527e-01
8.106364999999995935e-02
1.088200000000000001e-01
1.035509999999999625e-01
1.596212999999999660e-01
1.227591499999999974e-01
7.580800000000001426e-02
4.684575000000001238e-02
4.386579999999999646e-02
3.904439999999997218e-02
2.925369999999997625e-02
2.010831999999999897e-01
2.398738999999999733e-01
1.737148500000000040e-01
1.817788999999999655e-01
1.600679999999999881e-01
7.096949999999997705e-02
8.663234999999998298e-02
7.534874999999999212e-02
7.592610000000001025e-02
1.176944000000000323e-01
7.794885000000004172e-02
5.577799999999998037e-02
7.348399999999999377e-02
1.042065499999999811e-01
1.322585499999999747e-01
1.203860999999999681e-01
4.946345000000001296e-02
4.753360000000003693e-02
5.865325000000002481e-02
7.056515000000002091e-02
6.531239999999999268e-02
6.688890000000000113e-02
8.498014999999997654e-02
1.246369499999999964e-01
1.320784499999999861e-01
6.133712500000000623e-02
3.738625599999999966e-02
3.118959999999999441e-02
7.696878100000001388e-02
7.500920999999999284e-02
7.093037000000000647e-02
1.034572100000000078e-01
7.840724999999999778e-02
8.752756000000000425e-02
5.608054500000000248e-02
6.678619500000000653e-02
2.642686000000000340e-02
4.452155000000000695e-02
4.900292000000000536e-02
3.362853999999999149e-02
7.138422999999999297e-02
1.503782879999999988e-01
9.270766999999997815e-02
7.014066800000000323e-02
1.104078799999999999e-01
6.730069199999999530e-02
4.337753400000000231e-02
7.365332200000000717e-02
1.070324670000000061e-01
9.361713300000000515e-02
1.251432900000000181e-01
7.164971800000000113e-02
6.340542999999999874e-02
7.144578999999999513e-02
4.866527199999999553e-02
2.054314099999999393e-02
6.716842900000000172e-02
6.215270999999999296e-02
1.014129400000000208e-01
1.318609500000000045e-01
5.884986500000000120e-02
3.847722500000000379e-02
7.507551000000001196e-02
4.866169999999998830e-02
4.433189999999999353e-02
2.286930000000000213e-02
3.520790000000000031e-02
4.739290000000000169e-02
9.942226099999999789e-02
5.973816099999999796e-02
3.621705500000000494e-02
7.365568499999999852e-02
5.169178999999998747e-02
5.117071000000000813e-02
7.308077899999998461e-02
6.917304899999998646e-02
3.986357299999999243e-02
4.165561700000000589e-02
5.795265999999999612e-02
4.464838000000000140e-02
7.063634000000000579e-02
2.959205000000000169e-02
1.100484900000000127e-01
9.971897999999998485e-02
3.708292500000000963e-02
4.795482500000001341e-02
5.234548999999999452e-02
7.377069999999999461e-02
2.669270000000000670e-02
4.740600000000000369e-02
4.661220000000000641e-02
7.157932000000000183e-02
1.174618199999999946e-01
1.510191999999999923e-01
2.181881000000000237e-01
7.375750000000000361e-02
3.323294999999999721e-02
3.950369999999998188e-02
5.331575000000002285e-02
7.030280000000001250e-02
1.976469200000000315e-01
1.874073699999999898e-01
2.277145000000000558e-02
7.910984999999999545e-02
9.053697999999998913e-02
5.569252999999999010e-02
4.811189999999998523e-02
8.074195000000000677e-02
6.939004999999999479e-02
9.153859999999999775e-02
6.720154999999999879e-02
7.498355000000000992e-02
7.203350000000000031e-02
5.496940000000000159e-02
1.197922500000000029e-01
7.525673999999998864e-02
3.521462999999999677e-02
2.561655999999998962e-02
7.845681999999999656e-02
5.773162000000002514e-02
7.689293999999999296e-02
7.763450000000000906e-02
5.873915000000003162e-02
8.363050000000001039e-02
3.805152500000000271e-01
2.014936950000000282e-01
2.558333049999999553e-01
1.416137999999999841e-01
1.127657899999999908e-01
7.476003999999999983e-02
9.108809999999997742e-02
1.018367500000000175e-01
9.855280000000000984e-02
4.907335000000000863e-02
6.370829999999999549e-02
4.525959999999999706e-02
1.004771049999999971e-01
6.317034499999998887e-02
8.860201000000000882e-02
2.100366000000001079e-02
4.128480500000001469e-02
5.609032499999999644e-02
8.600127999999999939e-02
6.062229000000000229e-02
7.338459640000000173e-02
