FramewiseDisplacement
5.120457100000001815e-02
3.905189500000000313e-02
3.001863399999999543e-02
4.687455899999998232e-02
9.535215000000001051e-02
7.408655999999996800e-02
4.340232000000000812e-02
3.336807999999998747e-02
3.607559999999999240e-02
4.389558999999997740e-02
4.754603999999999081e-02
3.867525999999998215e-02
3.237497999999999765e-02
4.684557000000000304e-02
6.503899999999998571e-02
5.958184999999999176e-02
8.482258399999999254e-02
8.920333600000000807e-02
8.212547000000000597e-02
6.639204000000001327e-02
4.766066000000000052e-02
5.780100999999999295e-02
4.487628000000001144e-02
7.576848999999999390e-02
6.182706999999999092e-02
3.034580000000001304e-02
5.498264999999999403e-02
3.358434999999999893e-02
4.011094999999999938e-02
3.521579999999999849e-02
3.370635000000000298e-02
6.551065999999998446e-02
6.057031999999999694e-02
3.682488000000000428e-02
6.689558000000001003e-02
5.216818000000000149e-02
6.338003000000000386e-02
6.216050999999999521e-02
3.878328999999998417e-02
5.745594000000001089e-02
6.081238999999999395e-02
6.494994000000001155e-02
5.578740000000000088e-02
7.852285000000000514e-02
6.698973000000002509e-02
7.639878999999999420e-02
6.848343999999999265e-02
6.756892000000003229e-02
7.679818000000002143e-02
4.940293000000000462e-02
6.612677999999999612e-02
4.553628000000001230e-02
5.993949999999999279e-02
5.218744999999998246e-02
6.443393000000000037e-02
3.851134999999999281e-02
4.761768000000000250e-02
5.102940999999998339e-02
4.998034999999999284e-02
4.276240000000001290e-02
6.902958000000000705e-02
6.760542999999999414e-02
4.879884999999999085e-02
3.619089999999999807e-02
2.133619999999998920e-02
4.360815999999999304e-02
6.344595999999999569e-02
4.225728000000000123e-02
6.839494000000000129e-02
5.140056999999999265e-02
7.247790999999999262e-02
6.442536000000001484e-02
8.715296000000000154e-02
9.189202999999998567e-02
8.490067999999999226e-02
1.495649099999999954e-01
1.001008599999999860e-01
7.917563999999999158e-02
6.092434899999998876e-02
7.208591899999999830e-02
9.142032699999999568e-02
6.409722700000000661e-02
7.087904500000000163e-02
8.613944500000000892e-02
5.527170000000000694e-02
8.107056499999999721e-02
7.109027999999999181e-02
9.878180500000000031e-02
5.174793000000001142e-02
1.183375849999999951e-01
1.282794699999999788e-01
3.395629000000000008e-02
2.715055300000000435e-02
5.386374199999999918e-02
5.075264500000000595e-02
5.598800500000000041e-02
3.698922500000000058e-02
3.010111999999999857e-02
6.827721500000000221e-02
4.040356899999999335e-02
4.789806900000000145e-02
1.278334999999999888e-01
7.531486849999999289e-02
4.004404749999999902e-02
8.200878600000000018e-02
7.190830999999998918e-02
2.566301500000000083e-02
2.040297300000000133e-02
7.946797299999999731e-02
5.698889599999999722e-02
5.905601500000000337e-02
4.434228999999999254e-02
2.760162500000000116e-02
4.388990499999999989e-02
5.559985999999999401e-02
4.465125399999999439e-02
7.579976550000000479e-02
3.548182449999999488e-02
6.138313999999998882e-02
5.570213999999999721e-02
5.486079999999999429e-02
5.404159999999999520e-02
6.099840500000000554e-02
5.503142799999999335e-02
7.080823299999999820e-02
4.812409000000000131e-02
5.493920000000000053e-02
7.496560000000000723e-02
6.372189999999999799e-02
4.632758000000000709e-02
2.939027199999999854e-02
6.872491299999999859e-02
3.965390500000000318e-02
3.849908000000000496e-02
2.895427999999999544e-02
3.624312999999999840e-02
6.303740000000000732e-02
7.817309000000000063e-02
5.743629000000000789e-02
8.074585000000000790e-02
6.599589999999999623e-02
3.718420000000000059e-02
6.537364999999999149e-02
5.039289999999999742e-02
5.308835000000000637e-02
5.087825000000001374e-02
5.036565000000001180e-02
3.898960000000000620e-02
2.494724999999999027e-02
2.474119999999999445e-02
1.784370000000000053e-02
6.611000000000000210e-02
8.192080000000000195e-02
7.291824999999999002e-02
7.550550000000000317e-02
6.144319999999998949e-02
3.293484999999999469e-02
1.902444999999998443e-02
2.790895000000000181e-02
2.275745000000000198e-02
5.874849999999998129e-02
4.899324999999999514e-02
3.544154999999999528e-02
5.137209999999998999e-02
4.526230000000000531e-02
7.192745000000000388e-02
6.802085000000002157e-02
6.979284999999997574e-02
7.419004999999997962e-02
4.685550000000001519e-02
5.830390000000001266e-02
7.781620000000001591e-02
7.867759999999998644e-02
6.840669999999998696e-02
5.588625000000001924e-02
4.700495000000000367e-02
1.741225000000001105e-02
6.681025000000001546e-02
4.106709999999999527e-02
4.126264999999999794e-02
5.897265000000000146e-02
9.105041500000000954e-02
6.689211500000001587e-02
3.696060000000000317e-02
4.313879999999999104e-02
2.397705000000001363e-02
5.563219999999998583e-02
6.992699999999998917e-02
6.397564999999999502e-02
6.245764999999998957e-02
4.278640000000002996e-02
5.530280000000001306e-02
3.165805000000000008e-02
1.982194999999998403e-02
4.322239999999998028e-02
5.085314999999997893e-02
7.699189000000000727e-02
7.180014000000001229e-02
9.009257240000001499e-02
