FramewiseDisplacement
6.823505000000003318e-02
9.047404999999998643e-02
9.773055000000001324e-02
1.543771069999999856e-01
5.946935699999993108e-02
6.140974300000002356e-02
6.483555700000000199e-02
1.237267360000000177e-01
8.580030000000002377e-02
9.706724999999997994e-02
9.054349999999999898e-02
7.081419000000002684e-02
7.837869000000001474e-02
5.314755000000002949e-02
5.409370000000000844e-02
5.902060000000006190e-02
5.801607999999996990e-02
6.485577999999997401e-02
4.955499999999995325e-02
8.358825000000000283e-02
2.322166999999999704e-01
7.716627999999997600e-02
1.422354800000000252e-01
7.170010999999999746e-02
7.650455999999998535e-02
7.336714999999999209e-02
2.017227000000000048e-01
1.561596499999999832e-01
1.102245500000000322e-01
6.628845000000005427e-02
7.852833000000000729e-02
1.623347300000000382e-01
1.054867049999999862e-01
7.044844500000002618e-02
8.533815000000000150e-02
9.536290000000000044e-02
8.632928500000000560e-02
7.025198499999998902e-02
4.187770000000003157e-02
5.978909000000000307e-02
3.325964000000002085e-02
8.032829999999996362e-02
8.680019999999996627e-02
7.012295000000000333e-02
5.858204999999999663e-02
3.364994999999997710e-02
1.000768599999999620e-01
9.694654000000001159e-02
2.807246999999999937e-01
1.388114699999999924e-01
1.153583700000000156e-01
5.582677999999999252e-02
5.293557000000000123e-02
1.355195399999999939e-01
1.115528899999999740e-01
4.520160000000000844e-02
1.195275590000000054e-01
1.079210465000000202e-01
1.008616875000000052e-01
7.358344499999998345e-02
5.286509500000000084e-02
9.569789999999997465e-02
6.370969999999998024e-02
7.103779999999998429e-02
9.207074999999999287e-02
8.229771000000002390e-02
9.005280999999998315e-02
4.851039999999998131e-02
8.496390000000000886e-02
3.495885499999999979e-01
9.086950000000000582e-02
2.057491000000000181e-01
5.544980000000003517e-02
9.094129999999997493e-02
4.840024999999999467e-01
2.556497500000000089e-01
3.577845000000000331e-02
1.326385200000000097e-01
1.381641200000000014e-01
9.081779999999997632e-02
8.958716500000005190e-02
8.175846500000001627e-02
1.159906100000000218e-01
1.407150599999999752e-01
1.102010700000000260e-01
2.957358549999999919e-01
1.242702425000000027e-01
9.312396249999997655e-02
2.302938499999999944e-01
1.034347500000000336e-01
7.580825000000000757e-02
4.628279999999998506e-02
8.003527000000000557e-02
1.428611699999999818e-01
2.451041200000000087e-01
1.647793499999999911e-01
3.582263949999999753e-01
1.016381350000000044e-01
1.236720750000000063e-01
9.337993499999999725e-02
1.481590299999999971e-01
1.535223270000000417e-01
6.537527299999999764e-02
1.659125300000000025e-01
1.849994000000000360e-01
1.887268000000000001e-01
1.380832999999999922e-01
9.976969000000000809e-02
8.968817999999999235e-02
1.712835900000000133e-01
1.473554900000000056e-01
9.536888999999999783e-02
1.090017499999999945e-01
7.641981999999999942e-02
1.556645799999999691e-01
1.392351299999999847e-01
1.251582700000000159e-01
1.138334200000000185e-01
1.374337409999999982e-01
1.169732710000000037e-01
3.251760000000000761e-02
7.519902999999998616e-02
1.018409800000000115e-01
3.610926999999999887e-02
1.098439799999999938e-01
1.423990199999999873e-01
1.189173700000000083e-01
3.809560000000000723e-02
6.013764999999999389e-02
1.518849999999999922e-01
1.591902000000000039e-01
1.260400999999999883e-01
5.911023499999999709e-02
1.847791649999999952e-01
8.744227499999999986e-02
1.219810499999999936e-01
1.235294749999999858e-01
8.146839999999999637e-02
1.494788999999999701e-01
7.157214999999995941e-02
7.640176350000001115e-02
1.795209114999999911e-01
1.157081899999999886e-01
1.264016350000000122e-01
2.910656000000000354e-01
8.401839999999999309e-02
1.093697999999999892e-01
1.181217762000000143e-01
1.109262762000000069e-01
6.483944999999999292e-02
1.118061000000000194e-01
7.015268499999999241e-02
1.715419149999999893e-01
1.446111249999999793e-01
2.052834249999999916e-01
1.595128300000000221e-01
1.159282800000000085e-01
8.667630000000001167e-02
8.035984999999999656e-02
2.203621999999999803e-01
9.339422000000001389e-02
5.932537999999999007e-02
7.000275000000000247e-02
7.044125000000001080e-02
8.238840000000000052e-02
8.623089999999998534e-02
1.032202000000000119e-01
5.261470000000001424e-02
7.661424999999999486e-02
7.975155000000000438e-02
9.688290000000002178e-02
1.273784500000000042e-01
5.720075499999999202e-02
8.505320499999999284e-02
9.291759999999998909e-02
9.979249999999999232e-02
8.008714999999998196e-02
1.239425000000000249e-01
1.413888729999999982e-01
6.633873199999998360e-02
5.639624999999998806e-02
3.867101499999998915e-02
4.496043000000000955e-02
5.451470000000002009e-02
1.313879500000000033e-01
8.331974999999999798e-02
8.293684999999999252e-02
8.099443500000000351e-02
6.092864999999998699e-02
8.088570000000000482e-02
9.448438000000000669e-02
1.101369250000000105e-01
1.510845700000000014e-01
1.383588000000000318e-01
1.310478960000000248e-01
8.820175399999999333e-02
1.584222499999999867e-01
9.284260000000001123e-02
7.030369999999999675e-02
