FramewiseDisplacement
4.381586000000003978e-02
4.567156000000002769e-02
6.328735699999998854e-02
3.932585699999992940e-02
8.094707499999993783e-02
5.368537500000002821e-02
6.612248000000001125e-02
3.204028000000001819e-02
3.920331000000008836e-02
5.815759999999997598e-02
3.744365999999999667e-02
6.538664999999996286e-02
7.015671000000003876e-02
6.324256999999988693e-02
4.277138000000003937e-02
6.612186000000001840e-02
6.711418500000002063e-02
1.010176049999999826e-01
5.792060000000000958e-02
7.818980000000000374e-02
3.851809999999995099e-02
4.797947000000001017e-02
3.685134000000003796e-02
3.037231000000002734e-02
8.104846999999998358e-02
6.823362000000005034e-02
9.415989000000002385e-02
8.346470000000000278e-02
6.984349199999996538e-02
4.406298199999997278e-02
6.140528999999999432e-02
2.113942499999998947e-02
2.348611499999995328e-02
2.015715000000002297e-02
9.523942999999999992e-02
6.199320000000001218e-02
4.378993600000002234e-02
4.645982600000000962e-02
3.932820999999996764e-02
1.019377200000000372e-01
1.271824299999999852e-01
1.455820000000000169e-01
1.404953000000000174e-01
2.141361500000000251e-01
1.067883499999999763e-01
8.859630000000001671e-02
7.587695000000001244e-02
8.628550000000002884e-02
3.851369999999999794e-02
1.553333500000000089e-01
4.096998500000002819e-02
5.881127999999997968e-02
6.891063499999997011e-02
7.703264999999995255e-02
3.822618999999999323e-02
6.277975000000002304e-02
4.545845999999999221e-02
5.536971999999998340e-02
5.160095850000000206e-02
4.909404149999995609e-02
6.610148700000001432e-02
6.680198700000000711e-02
5.894765000000001115e-02
3.821962000000000970e-02
7.350798000000000054e-02
2.523331999999997230e-02
4.809982000000000146e-02
3.833019000000004173e-02
4.244628999999998376e-02
7.891919000000001405e-02
3.863320000000001336e-02
6.840949999999998421e-02
7.618725000000002578e-02
6.723300000000001497e-02
1.151936000000000210e-01
6.240539999999997894e-02
2.526856999999999714e-02
5.591072999999999876e-02
5.910534999999999400e-02
3.501584999999999420e-02
4.114975000000000577e-02
5.991923000000004551e-02
4.141003000000000739e-02
6.615680999999999645e-02
8.522022999999995241e-02
2.425257999999999581e-02
4.842723999999998252e-02
5.353777000000002617e-02
9.374592000000001035e-02
6.486379999999999924e-02
5.445320000000000715e-02
5.539545000000000580e-02
7.426075000000000037e-02
2.455845000000000944e-02
8.436879999999999380e-02
5.123933999999999434e-02
5.005545999999999607e-02
1.021209399999999934e-01
8.834807000000000077e-02
6.264854000000000256e-02
7.025273199999998441e-02
3.753447199999999928e-02
1.129524699999999993e-01
3.954582499999998585e-02
4.203917500000000501e-02
6.549164999999998460e-02
8.094312999999998814e-02
5.915179000000000964e-02
5.319106999999999308e-02
4.090895999999999422e-02
3.032719999999999860e-02
4.917223999999999901e-02
8.938700499999999161e-02
5.360099500000000544e-02
5.737662999999999097e-02
3.656480700000000472e-02
6.433470099999999414e-02
1.032086859999999939e-01
1.127235399999999971e-01
1.065844299999999939e-01
7.855162000000000255e-02
3.121237000000000317e-02
7.368059999999998499e-02
5.746059999999999363e-02
1.236815500000000151e-01
7.726050000000000972e-02
5.616557500000000924e-02
9.214887500000000509e-02
7.654394999999999949e-02
4.248575000000000268e-02
5.484070000000001305e-02
6.180179999999999702e-02
5.856369999999999632e-02
4.307660999999999435e-02
5.255968999999999919e-02
3.048624999999999599e-02
3.985060500000002504e-02
1.820127450000000313e-01
7.810293000000001484e-02
5.128382999999999553e-02
8.076835000000000264e-02
5.798824999999999813e-02
2.060829000000000411e-01
1.079597055000000028e-01
7.894979450000000343e-02
6.251621000000000261e-02
5.406447699999999273e-02
3.907312700000001304e-02
5.792175400000000585e-02
8.132799100000000225e-02
1.969075270000000266e-01
6.100191999999999420e-02
6.085666999999999466e-02
4.173494000000001897e-02
4.867008339999998739e-02
8.308935659999999723e-02
4.684769999999999907e-02
7.141334000000000570e-02
6.181446999999998942e-02
1.150740400000000163e-01
4.932215000000000904e-02
4.110546999999999812e-02
5.939351999999999132e-02
5.079572999999999033e-02
9.575338000000001293e-02
6.947277000000000313e-02
9.099921999999999178e-02
2.227183999999999831e-01
1.395783999999999914e-01
9.112931000000000503e-02
1.029694899999999969e-01
5.426620000000000055e-02
3.911434999999999218e-02
6.785545999999999245e-02
7.603213000000000332e-02
7.949301000000000283e-02
5.542730000000000573e-02
6.279640000000000222e-02
5.269869999999998722e-02
5.623681999999999293e-02
5.529595000000000343e-02
1.035873699999999981e-01
4.766894500000000423e-02
6.674450999999997913e-02
8.215630499999999892e-02
1.286114100000000093e-01
5.480567000000000077e-02
4.277939000000000047e-02
2.939607999999999458e-02
8.470261999999999236e-02
9.279924000000000506e-02
3.146109000000001099e-02
1.074305299999999963e-01
2.894245400000000981e-02
3.682616600000000046e-02
8.441741000000001216e-02
8.150734999999997843e-02
1.407574500000000062e-01
1.660393299999999850e-01
