FramewiseDisplacement
1.151007200000000175e-01
5.078016999999999948e-02
2.331574999999999967e-02
1.963504999999999764e-02
4.996935499999998614e-02
6.939385500000000428e-02
4.316020000000000273e-02
6.424505000000001187e-02
4.342654999999999432e-02
4.906449999999999007e-02
4.727429999999999827e-02
6.710945000000000105e-02
1.147885999999999906e-01
8.006989999999999941e-02
1.436070000000000575e-02
7.129724999999999258e-02
4.531910000000000105e-02
5.692984999999999018e-02
3.133934999999999499e-02
3.767761999999999500e-02
5.211806999999999551e-02
5.376664999999999917e-02
2.283900000000000166e-02
8.476240000000001551e-02
7.547295999999999172e-02
1.238922100000000026e-01
1.515568099999999863e-01
9.535881000000000218e-02
9.024730999999999725e-02
4.567947999999999453e-02
4.169064999999999577e-02
5.829308000000001100e-02
6.294530000000000958e-02
6.756629999999999581e-02
4.489409999999999235e-02
5.182699999999999807e-02
4.830154999999999865e-02
6.287304999999998589e-02
9.264409999999997924e-02
7.765210000000000168e-02
6.054732999999998949e-02
2.895676999999999279e-02
3.819479999999999403e-02
3.116859999999999423e-02
2.996199999999999905e-02
9.326768000000000558e-02
5.038683000000000051e-02
2.777861999999999346e-02
4.783653999999998990e-02
9.590702999999999034e-02
9.019488500000000242e-02
6.333781499999999176e-02
6.677057000000001519e-02
8.941154600000000841e-02
4.820304599999999245e-02
5.722349999999999659e-02
5.226365000000000177e-02
8.750592000000000092e-02
6.290204999999998714e-02
3.803797999999999901e-02
4.501599000000000572e-02
6.117302000000000850e-02
3.336528000000000410e-02
2.842257500000000200e-02
4.333177500000000293e-02
4.017027500000000528e-02
5.529434200000000327e-02
4.869319200000001013e-02
4.023252000000000078e-02
5.658178899999999345e-02
6.337958600000000164e-02
3.541826499999999739e-02
9.315879300000000363e-02
3.638818199999999808e-02
5.950588200000000300e-02
4.392589300000000058e-02
6.318543999999999550e-02
2.223227499999999926e-02
3.585271999999999765e-02
4.986314000000000024e-02
4.268177499999999819e-02
3.410474500000000575e-02
4.004145500000000357e-02
8.418499700000001140e-02
6.980686699999999467e-02
9.133923500000000473e-02
4.174456499999999737e-02
7.152289999999998649e-02
6.961443999999999965e-02
6.405174900000000504e-02
3.215011900000000478e-02
7.547416000000001235e-02
5.678306500000000756e-02
4.818184999999999829e-02
5.430267499999999470e-02
7.583875499999999381e-02
5.742910999999999849e-02
3.463858000000000215e-02
7.249409000000001102e-02
7.245710299999999493e-02
5.786612499999999049e-02
3.098502300000000043e-02
2.067363499999999923e-02
4.347372000000000736e-02
5.665074000000000498e-02
2.915324399999999830e-02
5.195267299999999783e-02
2.215771399999999849e-02
5.605807200000000046e-02
6.216811500000000990e-02
2.322690499999999908e-02
5.318544999999999523e-02
7.996430499999998553e-02
4.811076499999999284e-02
9.095324500000000201e-02
1.104462299999999925e-01
8.725310999999999484e-02
9.044414600000000304e-02
9.004059600000000052e-02
4.170161000000000007e-02
4.207066999999999751e-02
6.869393999999999501e-02
3.827325499999999908e-02
2.413505499999999901e-02
3.531249000000000193e-02
3.436968999999999441e-02
2.867974000000000218e-02
3.486374000000000417e-02
2.970033999999999869e-02
2.612864999999999632e-02
3.868857500000000282e-02
2.587042500000000245e-02
4.845479400000000242e-02
3.470913400000000260e-02
4.036767999999999607e-02
4.322784999999999822e-02
7.695986000000001881e-02
6.302641000000000493e-02
6.162216999999999001e-02
6.664564000000000599e-02
5.103888200000001457e-02
5.015638199999999935e-02
3.335380999999999763e-02
4.272124500000000491e-02
5.169724499999999584e-02
1.992512000000000449e-02
2.835467000000000543e-02
2.564987999999999643e-02
3.968320000000000181e-02
4.735135000000000038e-02
1.024313800000000024e-01
8.654902000000000428e-02
2.772999000000000297e-02
5.842106000000000382e-02
7.170160000000000422e-02
5.774496000000000490e-02
1.130959400000000059e-01
6.135244000000000114e-02
4.341050000000000464e-02
2.587362700000000321e-02
3.206858299999999773e-02
1.130337000000000529e-02
4.771780000000000466e-02
4.810780400000000401e-02
2.791031599999999752e-02
6.262271999999999283e-02
7.270727000000000440e-02
1.206281700000000068e-01
4.889954999999999996e-02
1.194301000000000113e-01
7.503832000000000557e-02
4.276912000000000075e-02
5.567144999999999733e-02
3.477790000000000048e-02
6.463485000000000757e-02
3.063854999999999010e-02
6.816308999999999563e-02
2.859543999999999975e-02
5.261585000000000567e-02
5.558735000000000065e-02
5.880117000000000677e-02
5.037583000000001032e-02
5.245174000000000364e-02
3.633379999999999943e-02
4.810424999999999424e-02
6.229300000000000115e-03
3.106704999999999189e-02
3.308430000000000398e-02
5.655779999999999141e-02
3.926744999999999541e-02
4.903850000000000570e-02
3.682920000000000638e-02
6.006895000000000984e-02
5.054260000000000697e-02
5.875915000000000304e-02
3.860834999999997880e-02
7.202554999999997987e-02
6.182049999999999351e-02
1.281177499999999747e-01
