FramewiseDisplacement
1.298291000000000306e-01
1.399654000000000176e-01
1.712916000000000161e-01
2.132641499999999579e-01
1.011106999999999978e-01
8.886184999999999223e-02
9.235099999999998865e-02
1.707719000000000042e-01
1.270492500000000025e-01
6.524364999999997250e-02
1.114696999999999771e-01
2.887240499999999543e-01
2.496099000000000234e-01
3.267186499999999993e-01
1.764037000000000244e-01
9.972229999999995820e-02
1.283889000000000002e-01
2.575343999999999411e-01
1.082978999999999886e-01
1.745714500000000446e-01
1.166698500000000055e-01
2.103109500000000243e-01
3.349998499999999879e-01
3.587197999999999776e-01
1.355234499999999898e-01
1.498810999999999893e-01
7.665768500000001706e-02
1.404652150000000599e-01
1.726546500000000206e-01
6.978199499999999944e-02
4.962192500000000422e-02
3.431590000000001028e-02
7.069800000000001083e-02
8.926483000000000334e-02
8.969857499999997485e-02
7.291354999999997977e-02
1.721432049999999936e-01
1.327039999999999886e-01
1.163502590000000114e-01
6.693152400000000612e-02
6.413609500000000407e-02
1.854969000000000201e-01
1.423530500000000365e-01
1.601240500000000178e-01
1.082820000000000032e-01
1.113517499999999993e-01
1.125914999999999971e-01
9.331740000000000868e-02
1.334107999999999961e-01
8.099391999999999703e-02
5.732387999999999373e-02
3.576787000000000161e-01
2.700606000000000395e-01
1.392022099999999929e-01
7.514761500000000094e-02
6.499722499999999181e-02
6.795220000000000427e-02
2.736435200000000151e-02
4.612401800000000274e-02
1.037430199999999914e-01
7.266825000000000367e-02
6.674169499999998978e-02
9.392875499999998878e-02
8.894759999999998779e-02
6.599893700000002139e-02
5.941803699999999994e-02
1.515320500000000292e-01
9.017464999999999509e-02
6.435783500000000212e-02
1.608828530000000201e-01
1.484317480000000022e-01
9.827953000000000383e-02
1.489124899999999807e-01
1.170249499999999887e-01
1.921186249999999873e-01
1.810648549999999690e-01
5.918115999999998961e-02
1.160834400000000100e-01
1.266864299999999888e-01
1.364716799999999841e-01
8.513445000000000040e-02
1.113619699999999907e-01
1.096701199999999959e-01
1.260202400000000056e-01
1.294824549999999963e-01
1.334027050000000103e-01
1.480212999999999945e-01
1.107952599999999926e-01
1.919729999999999770e-01
1.528322374999999955e-01
8.634363750000001447e-02
1.488586499999999813e-01
2.249516400000000083e-01
1.475921299999999881e-01
1.464678599999999775e-01
1.211015999999999898e-01
1.521872799999999804e-01
1.418432699999999935e-01
1.248131649999999898e-01
5.321796050000000139e-02
9.419739050000000558e-02
7.870957500000000384e-02
6.948628449999999512e-02
2.356760045000000081e-01
4.801702999999999943e-01
2.949688850000000140e-01
8.427441499999999142e-02
1.476017549999999734e-01
1.320116249999999936e-01
2.404142250000000369e-01
1.290667250000000210e-01
9.705055999999996630e-02
3.097400605000000251e-01
1.750210804999999814e-01
1.523986400000000019e-01
6.375123999999998681e-02
8.196317600000001258e-02
1.323172760000000114e-01
1.464282969999999851e-01
2.137654469999999973e-01
3.080896999999999664e-01
2.190032499999999827e-01
8.248929999999997376e-02
1.669940000000000035e-01
7.547177399999999148e-02
8.667762399999999479e-02
3.872444999999999360e-02
8.116380000000004979e-02
8.746106199999995057e-02
1.559865349999999817e-01
9.287642699999999751e-02
7.256422500000003772e-02
1.237553370000000208e-01
1.931860620000000195e-01
1.042742450000000015e-01
7.896854999999998459e-02
1.303472450000000005e-01
2.385178999999999772e-01
1.061801500000000009e-01
1.031603500000000118e-01
1.990298000000000067e-01
1.288461899999999993e-01
1.050588899999999604e-01
8.118804999999998384e-02
9.811894999999999645e-02
1.242193999999999798e-01
1.168696499999999916e-01
9.256665000000000032e-02
7.509819999999998996e-02
6.197735000000001437e-02
1.775059800000000354e-01
1.540308800000000089e-01
5.929654999999999648e-02
1.375623300000000104e-01
1.099047799999999797e-01
1.330936500000000078e-01
2.352223999999999982e-01
3.291406499999999791e-01
7.595935000000000881e-02
9.686215000000000797e-02
1.298139000000000098e-01
5.558955000000000840e-02
1.479974500000000304e-01
1.148647100000000365e-01
1.627656599999999787e-01
1.188646000000000147e-01
3.100668999999999786e-01
2.904467499999999758e-01
2.201812999999999410e-01
6.593714500000000811e-01
4.921108000000000704e-01
8.036317499999999781e-01
2.620637499999999842e-01
2.306897500000000267e-01
2.507227000000000205e-01
9.229425000000000823e-02
2.017656499999999631e-01
2.819178999999999435e-01
1.576955999999999913e-01
1.764014499999999597e-01
2.237798000000000009e-01
1.127313000000000343e-01
2.973374000000000295e-01
1.892216999999999649e-01
2.550998500000000169e-01
3.793845449999999619e-01
4.511729949999999656e-01
1.244322499999999776e+00
4.708168499999999534e-01
3.854371199999999664e-01
2.412778200000000040e-01
9.770370000000000443e-02
1.543591199999999886e-01
1.965952650000000190e-01
4.949816499999999675e-02
5.073493400000001624e-02
2.113308600000000231e-02
5.940478500000002243e-02
2.193089164999999507e+00
