FramewiseDisplacement
9.406410000000001159e-02
3.792235000000003520e-02
7.550064999999997473e-02
8.797755999999994081e-02
8.588440999999996661e-02
3.529550000000003518e-02
1.600096499999999755e-01
3.042504500000000056e-01
1.338893600000000128e-01
1.810259600000000413e-01
2.586379500000000053e-01
1.301805999999999797e-01
1.886338000000000459e-01
4.429125000000000423e-02
1.128432999999999381e-01
6.776999999999999691e-02
1.532500500000000265e-01
1.315015999999999963e-01
1.211931499999999579e-01
1.620812999999999560e-01
5.723270000000000440e-02
1.239379999999999926e-01
1.617436999999999625e-01
6.617249999999999521e-02
7.973810000000000620e-02
1.248508999999999869e-01
1.384675999999999962e-01
4.686480000000000506e-02
6.498708000000000262e-02
1.880455800000000455e-01
1.136237949999999719e-01
2.020307149999999441e-01
1.435341099999999925e-01
1.053478600000000015e-01
1.385638599999999832e-01
1.080587199999999831e-01
9.818662000000004386e-02
1.374856999999999885e-01
1.059118000000000004e-01
1.359274000000000593e-01
1.157735000000000292e-01
6.396111999999999631e-02
8.113732000000005440e-02
8.453820000000002166e-02
9.564010000000000566e-02
9.020582999999995910e-02
1.009980699999999815e-01
1.225361199999999845e-01
1.950707199999999197e-01
1.707291999999999699e-01
1.278256999999999866e-01
1.641702999999999635e-01
1.411190999999999973e-01
1.477301000000000031e-01
7.926542999999997008e-02
8.366334000000005822e-02
9.554251000000002492e-02
5.318679999999997160e-02
1.287727999999999373e-01
1.961368499999999460e-01
1.447018999999999944e-01
1.071987500000000371e-01
1.119022000000000489e-01
4.755080899999999944e-01
2.168155699999999575e-01
1.443707399999999974e-01
2.037129999999999774e-01
1.092037499999999883e-01
9.722695500000000379e-02
6.562255499999997133e-02
6.555800000000000516e-02
3.053254000000000037e-02
2.162693499999999991e-01
1.697299500000000183e-01
2.399252499999999788e-01
2.182351350000000245e-01
9.018512499999999099e-02
3.834789999999998339e-02
5.761648000000001157e-02
8.932177399999999268e-02
8.578113600000000782e-02
3.210738999999999954e-02
9.053757000000001165e-02
8.829975999999999103e-02
7.074775999999999287e-02
1.230093899999999962e-01
6.276942999999998718e-02
1.714566959999999918e-01
1.432766139999999688e-01
1.511730199999999913e-01
5.397872999999999560e-02
1.249655900000000014e-01
1.259827000000000030e-01
6.972183000000001241e-02
7.092029999999999168e-02
8.368833999999997220e-02
6.995880000000001542e-02
1.104490100000000141e-01
3.728683200000000308e-01
2.948962689999999887e-01
1.103666719999999712e-01
1.372639650000000155e-01
1.512878599999999962e-01
1.311963700000000066e-01
1.311467000000000049e-01
1.172413799999999923e-01
7.839557999999999249e-02
9.384375000000000355e-02
8.820704999999999518e-02
7.443490499999999566e-02
7.180505449999999845e-01
2.293590500000000365e-01
2.010900999999999939e-01
1.156637999999999972e-01
1.361864000000000130e-01
1.843837050000000088e-01
4.665935499999997876e-02
8.969856999999999136e-02
6.016425000000000245e-02
9.498777500000001039e-02
1.084564049999999918e-01
1.092765999999999876e-01
9.896623000000000225e-02
7.837795999999999652e-02
3.090955999999999704e-01
1.539687799999999995e-01
8.136389999999998901e-02
1.221160300000000143e-01
1.088569799999999921e-01
1.433105900000000155e-01
1.508794999999999997e-01
1.121777400000000119e-01
8.188099999999999545e-02
9.788241000000001690e-02
7.400745999999999714e-02
1.109260999999999997e-01
8.053485000000000504e-02
1.335653499999999994e-01
1.328572500000000101e-01
6.284428000000000236e-02
4.181626800000000088e-01
7.095506299999999600e-01
2.809377299999999966e-01
1.422323999999999811e-01
7.994780000000001330e-02
1.269725499999999896e-01
1.180421750000000131e-01
9.903407499999998531e-02
7.247884999999998357e-02
8.206933999999997675e-02
8.717034999999999367e-02
9.888039999999999330e-02
1.014786550000000009e-01
7.499481500000000633e-02
1.076880500000000074e-01
1.524175399999999903e-01
9.652533500000000377e-02
1.940827250000000115e-01
1.902128699999999784e-01
6.753547399999998424e-02
1.289472990000000152e-01
1.029197249999999897e-01
9.051730000000000886e-02
1.921928999999999721e-01
1.182745250000000053e-01
9.704934500000000908e-02
1.073114300000000132e-01
1.312313750000000112e-01
1.410190749999999937e-01
2.141198000000000268e-01
7.239650499999999989e-02
2.240724050000000023e-01
1.697130500000000042e-01
1.390162500000000079e-01
7.816311499999999135e-02
1.254174500000000136e-01
8.583773499999999834e-02
1.736886749999999591e-01
1.260983249999999833e-01
1.474968000000000112e-01
1.334823500000000274e-01
8.399592999999999643e-02
9.337892999999998500e-02
9.487775000000002457e-02
1.176139999999999824e-01
1.408177999999999930e-01
1.253975000000000506e-01
9.504335000000001255e-02
7.329880000000001117e-02
1.517372499999999902e-01
1.000969999999999915e-01
2.286571500000000035e-01
1.755712499999999843e-01
1.327810999999999853e-01
2.796707999999999972e-01
1.092569000000000040e-01
1.308236999999999595e-01
7.204629999999997980e-02
2.145247499999999308e-01
