FramewiseDisplacement
8.086741896599999868e-02
1.103993500000000072e-01
4.933872999999999731e-02
6.743339999999999057e-02
8.340204999999997759e-02
1.077575499999999797e-01
2.373970000000000941e-02
6.743222000000000105e-02
6.338602000000000125e-02
9.005260000000001042e-02
6.165349999999997915e-02
8.040165000000000506e-02
5.656189999999999829e-02
3.023764999999999439e-02
6.951350000000000584e-02
3.890165000000000289e-02
6.784255000000000146e-02
5.867435000000000012e-02
3.624885000000001994e-02
8.067269999999998609e-02
1.838899400000000017e-01
6.656798999999999356e-02
1.124141000000000168e-01
8.619530999999999721e-02
6.942005500000000828e-02
7.089945500000001399e-02
6.298969999999999569e-02
5.576264999999999000e-02
3.508839999999998488e-02
7.235184999999999533e-02
7.000290000000000679e-02
9.247344500000000134e-02
5.549484500000000098e-02
3.551428499999998573e-02
3.931531500000000345e-02
5.316514999999999436e-02
1.103207499999999952e-01
8.821248500000000714e-02
1.027691349999999976e-01
9.219904999999999073e-02
1.907783599999999802e-01
1.559548199999999940e-01
6.484592499999999871e-02
1.710428850000000056e-01
8.893988999999999367e-02
9.632816999999997687e-02
5.578658100000000175e-02
7.226437099999999392e-02
9.515585000000000016e-02
6.022385000000001626e-02
3.255538000000000182e-02
8.656562999999999064e-02
6.959622999999999504e-02
8.436717999999999995e-02
5.250321999999999628e-02
5.125334000000000140e-02
8.999424999999999786e-02
6.225947999999999205e-02
9.438480999999998566e-02
9.724445000000001005e-02
6.285763999999999241e-02
6.902415999999998719e-02
7.197011999999999854e-02
8.323526999999998621e-02
7.137181499999999124e-02
9.487679499999999988e-02
1.503847299999999942e-01
9.814604999999999857e-02
6.052041499999998714e-02
1.118517949999999900e-01
4.474925700000000062e-02
8.929861699999999680e-02
6.201233000000000439e-02
6.082616500000000148e-02
8.334562499999999263e-02
5.868040000000000755e-02
1.406892600000000104e-01
6.554879999999999041e-02
1.104209850000000132e-01
7.703829500000000663e-02
3.071442999999999743e-02
8.674248999999999155e-02
4.205462999999999563e-02
5.145231999999999584e-02
8.161034000000000344e-02
1.266815800000000158e-01
9.644608999999998433e-02
7.831625000000000392e-02
7.192461500000001118e-02
8.018610499999999364e-02
9.328670999999998104e-02
6.922570000000000112e-02
1.060260540000000085e-01
4.674601399999998852e-02
2.211348849999999755e-01
6.410218500000000597e-02
1.607010819999999951e-01
1.341886930000000255e-01
2.248766500000001084e-02
1.485178259999999917e-01
1.010156059999999939e-01
8.357701000000000713e-02
6.193340499999999693e-02
3.425475500000000478e-02
4.470385500000000067e-02
5.986552500000000276e-02
6.989627000000001034e-02
5.178997999999999935e-02
5.781677999999998430e-02
6.360770999999999786e-02
8.482613999999998045e-02
1.102319499999999813e-01
6.770494999999999985e-02
1.213190350000000056e-01
3.838547499999999529e-02
8.586243000000000347e-02
7.528500000000000469e-02
1.295445199999999963e-01
3.574765000000000581e-02
8.542375699999998906e-02
8.661259400000000108e-02
2.983141800000000537e-02
6.774791499999999189e-02
6.975606499999999210e-02
5.581520299999999379e-02
5.864741800000000671e-02
1.271288000000000140e-01
1.191001400000000071e-01
9.895439999999999792e-02
2.675935000000000813e-02
1.172149499999999844e-01
4.102549999999999947e-02
5.274324999999999847e-02
5.840339999999999421e-02
6.244149999999999701e-02
9.492820000000001812e-02
6.561405200000000604e-02
6.472490200000001470e-02
8.899354999999997684e-02
7.124954000000000010e-02
4.152519600000000033e-02
6.012654399999999011e-02
6.947858999999999285e-02
5.495494000000000767e-02
7.761250000000000093e-02
6.089785000000001725e-02
8.887134999999998786e-02
6.920273000000000396e-02
7.073094999999998689e-02
9.333082000000000877e-02
1.108482499999999815e-01
6.358570000000000888e-02
1.111414000000000291e-01
6.058861999999999581e-02
1.180612199999999945e-01
6.193704999999999350e-02
7.317147000000000234e-02
4.125711999999999435e-02
5.334330000000000321e-02
9.164259999999999073e-02
8.127165000000000084e-02
9.963685000000001291e-02
4.491090999999999833e-02
4.238855099999999654e-01
4.777599999999999208e-02
1.476744000000000112e-01
1.021682799999999863e-01
1.003249700000000133e-01
1.318471499999999963e-01
5.763955000000000467e-02
1.339989999999999792e-01
4.036109999999999698e-02
1.930790999999999757e-02
6.831949999999999135e-02
8.431053999999998938e-02
6.485327999999998538e-02
9.014893999999998297e-02
9.426330000000000819e-02
5.305193999999999188e-02
7.327696999999998295e-02
9.059617999999999838e-02
1.001865499999999992e-01
1.407386500000000207e-01
1.078972500000000001e-01
6.915210000000000801e-02
1.104563499999999809e-01
7.311484999999999512e-02
1.161349500000000146e-01
1.054474000000000383e-01
1.216159999999999880e-01
2.880009999999997780e-02
1.176458999999999977e-01
1.154933999999999961e-01
1.415406999999999915e-01
9.347426999999999819e-02
6.589680000000000537e-02
7.821915000000000118e-02
3.351203999999999295e-02
8.902201999999999338e-02
