FramewiseDisplacement
5.449355000000000171e-01
4.478804999999998482e-01
2.543175000000000852e-01
8.301950000000005159e-02
7.528400000000000369e-02
6.537839999999998930e-02
6.281799999999990169e-02
9.035400000000003151e-02
6.910180000000003264e-02
4.631770000000006576e-02
2.587394500000000930e-01
2.098591299999999216e-01
1.155909199999999859e-01
9.424959999999998894e-02
6.129765000000000907e-02
1.105065000000000214e-01
3.500554999999999639e-02
4.429570000000003505e-02
3.130355000000000637e-02
7.782909999999998441e-02
9.874610000000001719e-02
3.333050500000000471e-01
1.237976000000000354e-01
5.390611100000001210e-01
3.757683400000000340e-01
1.022945999999999439e-01
1.586334999999999551e-01
1.120580000000000048e-01
8.944174999999998654e-02
3.138320000000000692e-02
8.506695000000001616e-02
5.869450000000003831e-02
1.069528499999999882e-01
8.651190000000004432e-02
7.750185000000003877e-02
2.247016499999999750e-01
1.673560000000000325e-01
1.237940499999999888e-01
8.016224999999999046e-02
6.704874999999999030e-02
1.143433499999999964e-01
1.368939999999999879e-01
9.263594999999996693e-02
6.110689999999999178e-02
4.416079999999993067e-02
1.529694500000000068e-01
5.414254999999996987e-02
6.726124999999996690e-02
1.788225000000000231e-01
5.323604999999998616e-02
1.373663000000000245e-01
8.694114999999998095e-02
5.770229999999998416e-02
7.465644999999999920e-02
7.874385000000000412e-02
8.806580000000004127e-02
5.913295000000001050e-02
5.861669999999997993e-02
5.703940000000000399e-02
2.072145000000000514e-01
5.584462499999999219e-01
4.102823999999999360e-01
1.157908499999999868e-01
1.129550999999999750e-01
5.351605000000001638e-02
6.974624999999998187e-02
7.348115000000000896e-02
4.980654999999999805e-02
4.820445000000003755e-02
4.030575000000002905e-02
5.977985000000002325e-02
7.936919999999998698e-02
3.980795000000000861e-02
2.022982500000000128e-01
7.039816000000000129e-02
8.682521999999999462e-02
7.006282000000001176e-02
4.638617000000000434e-02
6.052407000000000620e-02
9.201900000000000357e-02
4.225775553999999712e-02
1.593381344600000027e-01
8.545487000000000222e-02
7.136375000000000357e-02
9.801928999999999503e-02
2.713093000000000796e-02
6.151119999999999505e-02
1.272000299999999917e-01
6.850863700000000556e-01
3.013875500000000596e-01
8.560750000000000304e-02
1.317866000000000037e-01
1.527430000000000176e-01
7.699092999999998521e-02
6.294555000000001677e-02
4.897116999999997361e-02
1.453760499999999789e-01
7.675259000000000942e-02
6.198586499999999416e-02
1.168490099999999893e-01
6.446133499999999461e-02
1.087440499999999949e-01
3.980615999999999322e-02
7.160956000000000266e-02
6.720995999999998527e-02
2.887455000000001271e-02
7.764951999999999965e-02
6.611049000000000786e-02
4.905630000000000407e-02
4.013251999999999792e-02
2.231013700000000211e-01
6.574225800000000897e-01
3.466489500000000668e-01
1.021958429999999807e-01
1.371356500000000256e-01
1.078849229999999937e-01
8.195482999999999241e-02
3.635080699999997805e-02
7.009549299999999483e-02
1.100609930000000236e-01
4.813462999999998382e-02
1.291589270000000345e-01
8.156096000000000179e-02
1.632863670000000156e-01
9.237474000000001073e-02
4.770249999999998797e-02
7.216971300000002421e-02
1.082369690000000162e-01
6.472845900000000208e-02
5.812984000000000206e-02
1.055199300000000118e-01
1.074276100000000206e-01
8.229878000000001581e-02
5.774852999999999237e-02
6.025165900000000185e-01
3.774851999999999652e-01
7.178785000000002803e-02
9.844814999999997041e-02
1.998579500000000064e-01
4.426475000000000548e-02
3.191724999999999701e-01
2.913791999999999494e-01
1.115212500000000162e-01
7.969559999999999145e-02
1.437788210000000289e-01
7.085752100000000664e-02
4.749509999999999843e-02
8.734379999999998534e-02
8.360041000000001388e-02
8.078521000000001007e-02
3.821015000000000522e-02
3.321955000000000047e-02
8.423222499999999391e-02
1.009581249999999958e-01
5.749020000000001213e-02
9.084155000000000701e-02
7.821851999999999971e-02
5.968912000000000523e-02
1.257177500000000170e-01
6.474798500000000789e-01
3.418304000000000342e-01
1.472557300000000013e-01
1.043292299999999950e-01
3.586520000000001374e-02
4.837699999999997558e-02
6.387792999999999943e-02
1.070198350000000076e-01
9.485204999999999331e-02
4.550413999999999848e-02
4.786018499999997872e-02
9.992027000000000547e-02
9.718203009999999697e-02
9.143104009999998560e-02
1.071391800000000005e-01
8.670115000000000460e-02
5.124177000000001286e-02
4.103616999999999682e-02
1.181766499999999803e-01
9.407959499999998809e-02
4.969529500000000044e-02
7.690017999999998466e-02
6.387691999999998982e-02
7.824384999999998980e-02
2.491034500000000040e-01
1.104888850000000033e+00
5.384468500000001434e-01
2.389288000000000245e-01
1.203877999999999754e-01
1.618597999999999426e-01
8.178630000000000622e-02
7.389667999999999237e-02
7.313739999999999131e-02
5.795726999999999129e-02
3.579822000000000559e-02
5.033046999999999521e-02
4.271519000000000010e-02
4.247651000000001592e-02
1.144205499999999959e-01
7.453795000000000559e-02
