FramewiseDisplacement
5.825050000000006611e-02
4.986669999999998604e-02
5.054669999999999302e-02
6.283379999999996746e-02
7.821360000000000812e-02
3.963110000000003019e-02
4.795759999999996137e-02
7.662419999999998954e-02
6.629109999999993619e-02
5.826600000000003998e-02
8.217590000000001005e-02
1.486374399999999540e-01
1.965725399999999901e-01
1.438404000000000071e-01
7.396610000000002072e-02
1.155608000000000191e-01
1.052924000000000221e-01
6.893079999999998653e-02
6.566509999999999014e-02
7.082139999999997881e-02
8.416469999999998119e-02
8.164739999999998110e-02
7.015299999999999314e-02
3.888250000000004203e-02
3.022969999999999477e-02
5.356469999999999981e-02
3.720734999999997933e-02
6.848694999999997701e-02
5.914880000000000138e-02
3.935530000000003747e-02
4.052479999999997196e-02
6.538259999999998517e-02
1.528829999999999772e-02
5.729779999999996820e-02
7.447590000000002541e-02
8.911780000000002477e-02
1.502079999999999735e-02
4.909000000000000169e-02
4.628610000000000363e-02
9.462420000000003328e-02
8.802080000000001014e-02
8.624150000000002647e-02
6.407419999999992843e-02
6.205990000000000117e-02
6.072729999999997019e-02
1.534976000000000118e-01
1.015903999999999696e-01
4.649592999999999643e-01
1.002914000000000305e-01
3.201015999999999861e-01
3.113562500000000011e-01
2.383534999999999959e-01
3.852381999999999751e-01
1.359073499999999823e-01
7.753061000000002756e-02
1.141602600000000134e-01
5.873305000000001580e-02
5.506910000000000971e-02
6.980554999999999399e-02
5.778566000000001646e-02
9.135926000000002545e-02
5.505294999999998939e-02
6.795910000000000839e-02
8.692869999999999764e-02
4.598228000000002813e-02
4.444562000000000512e-02
4.987810000000000854e-02
5.269057999999995912e-02
4.492907999999999624e-02
4.755212000000003797e-02
6.929670350000005641e-02
4.145977849999999548e-02
5.028853800000000762e-02
1.118911379999999733e-01
8.724700000000000510e-02
6.950920000000002097e-02
5.407470000000001720e-02
1.043580250000000209e-01
7.320971500000000853e-02
1.133585400000000354e-01
6.407049999999997469e-02
5.790485000000000076e-02
1.079458499999999960e-01
2.151392500000000041e-01
4.517859999999999931e-02
4.320588000000000206e-02
6.003726000000001589e-02
1.220194300000000120e-01
1.611483799999999800e-01
1.946152499999999896e-01
7.518880000000000008e-02
7.246005500000000932e-02
1.428634049999999989e-01
1.908220000000000194e-01
1.102188950000000112e-01
1.639702100000000051e-01
6.739868000000000248e-02
8.358529000000000653e-02
3.114627599999999705e-02
2.404903399999999691e-02
3.598099999999999909e-02
9.069996999999999088e-02
1.995117549999999851e-01
1.306053100000000022e-01
3.114894999999999817e-02
4.110335999999999851e-02
2.063969999999999694e-02
3.044291000000000011e-02
6.673358000000000068e-02
1.997576300000000193e-01
1.327160099999999954e-01
1.146876200000000040e-01
1.291348800000000074e-01
1.169281100000000156e-01
1.171633300000000238e-01
7.694387999999999228e-02
3.979875099999999888e-01
1.188311100000000037e-01
2.056953800000000387e-01
6.886900999999998052e-02
5.745564000000000227e-02
1.222942200000000090e-01
1.136581699999999889e-01
1.471564499999999664e-01
1.710754299999999728e-01
2.677976499999999982e-01
9.384537500000002253e-02
8.550476349999998338e-02
1.028150285000000025e-01
3.575237500000000290e-02
6.573878999999997752e-02
8.754601500000001868e-02
8.985014999999997587e-02
1.134728149999999908e-01
7.231971499999999275e-02
3.934045499999999640e-02
1.781218350000000061e-01
2.329831500000000277e-01
1.918937500000000573e-01
1.164392200000000099e-01
1.393953000000000275e-01
1.685732399999999853e-01
5.599382999999999444e-02
1.023433499999999996e-01
1.444954499999999975e-01
7.088343999999999201e-02
2.370395179999999768e-01
5.720086800000000887e-02
8.608004000000001044e-02
5.634007000000001292e-02
2.828227000000000171e-02
9.656424000000000951e-02
2.662481400000000220e-01
9.509624999999999329e-02
1.401618499999999767e-01
1.576480499999999840e-01
3.119939499999999644e-01
2.485394999999999965e-01
1.030062000000000061e-01
1.285070799999999958e-01
8.788182999999999412e-02
4.186969999999998193e-02
5.397061000000000913e-02
4.143592999999999582e-02
5.625654000000000765e-02
3.814239000000000518e-02
6.312190000000000856e-02
5.019029000000000545e-02
5.283899000000000928e-02
6.931327999999999101e-02
4.740833000000001241e-02
3.064590000000000716e-02
4.839960000000000789e-02
5.315979999999999317e-02
4.378864999999999147e-02
1.070848000000000078e-01
1.130466550000000098e-01
6.907100999999996049e-02
2.419115549999999726e-01
4.252429999999997323e-02
1.939352000000000020e-01
1.447770000000000133e-02
1.237446000000000101e-01
1.819125000000000048e-01
1.023587499999999567e-01
6.545978000000002295e-02
2.147376099999999677e-01
1.378347500000000059e-01
8.347442000000003526e-02
1.136922100000000019e-01
4.073504000000001402e-02
9.377894999999999981e-02
7.307830000000002657e-02
2.795654999999998974e-02
3.027089000000000168e-02
7.245413000000003323e-02
6.990003999999999662e-02
2.148941500000000338e-01
2.434378500000000667e-01
