FramewiseDisplacement
6.230290000000000827e-02
5.378924999999999679e-02
6.407180900000000734e-02
7.637945900000001065e-02
5.066185000000000827e-02
3.133493700000001408e-02
7.178811699999999851e-02
6.141698999999998382e-02
7.316944000000000226e-02
4.490754999999999747e-02
5.693895639999999037e-02
1.036303064000000107e-01
7.893007799999998686e-02
3.725554899999999198e-02
4.084960599999999664e-02
5.006745000000000639e-02
3.359722999999999876e-02
8.194189500000000070e-02
3.420692000000000871e-02
5.840205999999999870e-02
5.201035000000000380e-02
3.698289999999999911e-02
6.138069999999999637e-02
4.754083999999999394e-02
4.618824000000000540e-02
7.239661000000001401e-02
9.196253000000000066e-02
4.148606999999999989e-02
5.602392999999999956e-02
4.258739000000000274e-02
2.434309000000000126e-02
7.788149999999999240e-02
8.172110000000000485e-02
5.455820000000000114e-02
5.117324999999999652e-02
4.543997999999999787e-02
3.197530000000000511e-02
4.981499999999999817e-02
6.365716500000000166e-02
7.540324499999999375e-02
4.922906999999999977e-02
3.315483000000000319e-02
9.172593000000001107e-02
3.744319999999999593e-02
7.856417999999999735e-02
3.804562999999999695e-02
5.208720999999999490e-02
4.691770000000000662e-02
5.347959999999999520e-02
6.754012100000000851e-02
5.141663099999999736e-02
7.110234000000001386e-02
7.237871000000001276e-02
4.620068999999999565e-02
3.202874000000000693e-02
6.048351999999999895e-02
8.339151999999999676e-02
5.109055999999999320e-02
7.026404999999999457e-02
6.736065000000000802e-02
3.801019999999998705e-02
3.219230000000000008e-02
3.590470999999999940e-02
3.612006000000000244e-02
6.769965000000000011e-02
4.908919999999998562e-02
7.795284999999999020e-02
5.072229999999999794e-02
6.238739999999999564e-02
5.003849999999999965e-02
5.819264999999998467e-02
5.634305000000000563e-02
4.801218000000000152e-02
4.324732999999999356e-02
4.889249999999999152e-02
5.961448000000001135e-02
5.990428000000000419e-02
8.376928499999999889e-02
5.008207299999999779e-02
6.489670200000000055e-02
2.666613000000000316e-02
1.172732199999999975e-01
6.692431000000000074e-02
7.561833000000001137e-02
5.739368649999999905e-02
4.659330049999999696e-02
6.911131799999999104e-02
6.986336799999999514e-02
4.819555500000000103e-02
8.873684299999999581e-02
5.368877000000000371e-02
8.139256999999999742e-02
5.491622999999999644e-02
9.227005499999998972e-02
5.867783499999999763e-02
6.455049499999999940e-02
6.232493999999999534e-02
2.632902999999999979e-02
4.667138499999999579e-02
7.931236199999999736e-02
5.351335299999999268e-02
6.875497099999999806e-02
7.003796799999999212e-02
4.957816399999999402e-02
8.138694999999999957e-02
4.638603499999999213e-02
7.825036999999999965e-02
3.404500500000001012e-02
6.801502000000000936e-02
7.198324000000000389e-02
5.056814000000000447e-02
6.124795999999999713e-02
6.075877000000000361e-02
4.049300000000000122e-02
2.563909000000000327e-02
6.172572839999999894e-02
4.296467839999999760e-02
6.853835999999999262e-02
8.517813999999999941e-02
8.926463500000000884e-02
8.514282900000000320e-02
4.892322399999999433e-02
4.727000000000000646e-02
3.054071499999999606e-02
2.115197500000000341e-02
8.344425999999999233e-02
5.192761999999999378e-02
3.295440999999998954e-02
5.903892499999998517e-02
7.700217500000000603e-02
6.582244449999999358e-02
8.252496000000000831e-02
3.691175450000000469e-02
5.994350949999999872e-02
3.899914949999999658e-02
3.907217999999999802e-02
3.780092999999999648e-02
5.411632999999999027e-02
5.827532000000000545e-02
8.775265000000000148e-02
7.741655000000001452e-02
5.973864000000000257e-02
5.506818999999998909e-02
2.656193649999999754e-02
3.837961350000001354e-02
4.812130000000000574e-02
4.460561600000000071e-02
2.372208600000001028e-02
4.639123500000000289e-02
9.822029300000000018e-02
7.686291800000000229e-02
6.272810499999999234e-02
4.985529500000000086e-02
5.282028000000001111e-02
5.270383000000001400e-02
4.489165000000002598e-02
3.546279000000000792e-02
5.053838999999998860e-02
4.047658500000000242e-02
3.497581500000000038e-02
3.288304999999999007e-02
4.400049999999999795e-02
4.592425000000000673e-02
8.423054999999998738e-02
3.091409999999998603e-02
6.343309999999999227e-02
6.883276500000001796e-02
5.507801499999999406e-02
4.680914999999999382e-02
7.852280000000000371e-02
6.949935000000000140e-02
4.146425000000000805e-02
3.737500000000000544e-02
3.889809999999999102e-02
4.483668500000000806e-02
9.806718700000000011e-02
9.678710200000001374e-02
9.597127399999999531e-02
6.111460999999999977e-02
4.115600999999999982e-02
9.494539999999999924e-02
5.052420000000000522e-02
5.541700000000000098e-02
1.115784300000000062e-01
4.082980999999999416e-02
1.574012999999999454e-02
6.762488999999999306e-02
7.782629000000000630e-02
6.014730000000000076e-02
3.664005000000000734e-02
3.465014999999999762e-02
5.425731000000000304e-02
4.836606000000000238e-02
3.092515000000000194e-02
3.928525000000000073e-02
6.379171000000000147e-02
5.446545999999999332e-02
5.221540000000000209e-02
4.876544999999999491e-02
