FramewiseDisplacement
9.916679999999997164e-02
5.500305000000002553e-02
5.240030000000003158e-02
4.107224999999999071e-02
6.871779999999998167e-02
7.612859999999996297e-02
8.106849999999993228e-02
8.657760000000003231e-02
6.360939999999999650e-02
6.931544999999995904e-02
6.585254999999999581e-02
1.394654000000000171e-01
9.075775000000002590e-02
6.227560000000000734e-02
4.117810000000000914e-02
3.882039999999999103e-02
6.117130000000001178e-02
6.705504999999999105e-02
1.018981999999999666e-01
6.214449999999999835e-02
5.715500000000003217e-02
5.686514999999998932e-02
6.650955000000000061e-02
8.312010000000001619e-02
3.699150000000002436e-02
5.832389999999997715e-02
4.807659999999999711e-02
8.319945000000000812e-02
1.033365499999999992e-01
9.911819999999997577e-02
5.045789999999999997e-02
6.313985000000002512e-02
6.955289999999998696e-02
7.708769999999998124e-02
6.609685000000001254e-02
9.045710000000002637e-02
6.686025000000000995e-02
3.868790000000001117e-02
8.701259999999999550e-02
6.118095000000001865e-02
5.867175000000000862e-02
1.034651999999999794e-01
7.219654999999999823e-02
5.037269999999999248e-02
2.724779999999997829e-02
7.638110000000000732e-02
9.549315000000001274e-02
8.815519999999998912e-02
1.306236000000000064e-01
1.034172299999999711e-01
6.725892999999999455e-02
3.843729999999998675e-02
6.026689000000001739e-02
8.617727999999999500e-02
6.445974000000000148e-02
8.873219000000000245e-02
8.679325000000000234e-02
7.526983999999999064e-02
5.921303999999999457e-02
6.588246999999999853e-02
5.401685000000000514e-02
6.021440999999999599e-02
5.598260000000000042e-02
4.282290000000001096e-02
1.030774000000000273e-01
1.020583169999999956e-01
7.791174200000001993e-02
3.989239000000001367e-02
5.492579499999999948e-02
6.964240999999998794e-02
5.716401999999999595e-02
6.879173499999999275e-02
6.572908499999999266e-02
7.257624000000000020e-02
7.375754000000001032e-02
4.281190500000001120e-02
4.573454499999998757e-02
3.513697999999999821e-02
3.368557400000000979e-02
4.510602400000000151e-02
5.884763000000000494e-02
9.303609999999998270e-02
6.580350999999998174e-02
6.952505000000000490e-02
1.042201050000000073e-01
8.578285499999999120e-02
6.583933999999999620e-02
6.872757000000000172e-02
4.179825000000000207e-02
1.038100799999999851e-01
7.227104600000000545e-02
6.145714600000000416e-02
4.861717499999999859e-02
8.753700500000001494e-02
8.510701000000001071e-02
4.163943000000000505e-02
4.523364000000000551e-02
8.170368000000000075e-02
1.007473149999999762e-01
5.543858750000000418e-02
3.916076749999999884e-02
6.455571999999999699e-02
9.022686499999998944e-02
1.385779799999999895e-01
6.907376299999999636e-02
8.252714299999998337e-02
5.205901999999999752e-02
4.743028200000000416e-02
4.934469799999999934e-02
7.748644500000001489e-02
7.088852500000000778e-02
7.491701280000000185e-02
6.648377719999999658e-02
6.915051999999999310e-02
5.456335599999998648e-02
5.720424099999998901e-02
5.849949499999999858e-02
4.860857999999999846e-02
5.748390000000001138e-02
6.996336000000001609e-02
1.007851899999999967e-01
8.059354000000001905e-02
1.038239309999999943e-01
1.627888509999999844e-01
9.910643999999999010e-02
8.246517999999999904e-02
2.836897999999999503e-02
5.861829999999999818e-02
4.085666999999999077e-02
4.906220000000000719e-02
4.915006999999999709e-02
1.266923600000000039e-01
2.787631799999999993e-01
1.312497699999999878e-01
1.975672199999999601e-01
1.127156999999999881e-01
7.839840000000000697e-02
3.338319999999997401e-02
4.663536000000000070e-02
6.593251000000002748e-02
7.716558000000001138e-02
5.303760000000000419e-02
3.709615999999998220e-02
7.632863000000000842e-02
5.657600000000001517e-02
6.408910000000000995e-02
2.097679999999998990e-02
3.699890000000003593e-02
5.880418999999999924e-02
7.647013000000001115e-02
8.276265999999998790e-02
9.039930000000001575e-02
8.431125000000001812e-02
1.463644500000000070e-01
9.364524999999995769e-02
7.887589999999999879e-02
1.041694500000000245e-01
7.981759000000004933e-02
1.113751100000000133e-01
9.754693999999999865e-02
9.247882000000000324e-02
1.139814300000000502e-01
6.862234000000005940e-02
6.991461999999998289e-02
6.302162000000001429e-02
4.248137000000000441e-02
6.299387000000004899e-02
2.570591000000000542e-02
1.580374000000001403e-02
3.564723999999996895e-02
6.260888000000004727e-02
8.008775000000006861e-02
8.772753999999995111e-02
7.337931000000000314e-02
9.238051000000001289e-02
4.649170999999999165e-02
9.290769999999995421e-02
1.027600999999999515e-01
8.575009999999998189e-02
6.944520000000001247e-02
7.828729999999997635e-02
1.063136999999999832e-01
9.424109999999999432e-02
9.969549999999999246e-02
1.053349999999999981e-01
1.179338000000000053e-01
6.030850000000002181e-02
5.244870000000001475e-02
7.347370000000000290e-02
3.389200000000000546e-02
5.326910000000002754e-02
5.680439999999999795e-02
1.140632000000000035e-01
1.107050000000000395e-01
7.501489999999999547e-02
4.059549999999996495e-02
2.336094000000000781e-01
1.452994999999999703e-01
1.199229999999999186e-01
