FramewiseDisplacement
5.649840000000000417e-02
4.963270000000000182e-02
4.114764999999998007e-02
7.168344999999999578e-02
1.081401500000000182e-01
1.068124000000000295e-01
9.945820000000001049e-02
5.640731999999999691e-02
1.254646199999999989e-01
1.443969299999999512e-01
9.704398000000000191e-02
5.904355000000000020e-02
6.363454999999999806e-02
5.585279999999998718e-02
6.513795000000000002e-02
6.688179999999999126e-02
5.214933000000000762e-02
3.135383000000001308e-02
1.039948000000000122e-01
1.392654999999999865e-01
1.229149000000000075e-01
1.177677999999999919e-01
1.147736499999999910e-01
1.099563249999999798e-01
8.304877499999997748e-02
9.748079999999997858e-02
8.480734999999998969e-02
7.650044999999998374e-02
9.255404999999999882e-02
9.696465000000001333e-02
1.189821500000000087e-01
3.806690000000000074e-02
4.758260000000000267e-02
2.779205000000000564e-02
2.573195000000000343e-02
3.829599999999999671e-02
4.976015000000000299e-02
7.190711700000000650e-02
4.207858299999998192e-02
3.525089999999998780e-02
4.160615000000000147e-02
5.080749999999999156e-02
1.105284560000000110e-01
3.821330259999999313e-01
1.659275800000000189e-01
1.790598399999999979e-01
6.978753000000001427e-02
2.353583999999999538e-02
6.938433000000000794e-02
7.097180000000000155e-02
1.007829599999999909e-01
5.939854999999998747e-02
4.335538000000001280e-02
3.155022999999999855e-02
1.126298600000000122e-01
1.657581799999999772e-01
1.641928300000000118e-01
1.391084499999999946e-01
1.872750999999999999e-01
2.534008499999999553e-01
1.449345999999999690e-01
1.100541500000000034e-01
8.866839999999998057e-02
1.232694382999999921e-01
1.012352882999999898e-01
9.318184999999999663e-02
1.063725000000000087e-01
1.873374499999999887e-01
8.275763999999999343e-02
1.024090450000000041e-01
1.023786949999999918e-01
8.445313999999998211e-02
8.361189000000000815e-02
8.755821499999999480e-02
1.134364449999999969e-01
9.647106999999999211e-02
4.332285000000000996e-02
1.208420999999999940e-01
7.497241000000000322e-02
6.099661999999998752e-02
7.807878499999998390e-02
5.751521499999999454e-02
4.163569999999999771e-02
1.605868999999999353e-02
1.519249999999999767e-02
8.202104999999999813e-02
1.034350399999999920e-01
7.817669000000000701e-02
7.039963999999999944e-02
7.192870000000001207e-02
8.935088300000000594e-02
1.634461229999999987e-01
1.892448699999999817e-01
7.671852000000001226e-02
8.066853000000000218e-02
1.035620650000000087e-01
1.239238650000000080e-01
1.006157911600000093e-01
1.121773211599999959e-01
6.630967999999999585e-02
4.191695199999999621e-01
3.519512799999999775e-01
1.271714299999999742e-01
1.664882500000000043e-01
1.375948000000000171e-01
6.472261999999999460e-02
3.904712999999999934e-02
3.838200800000000218e-02
3.467047899999999711e-02
8.522609299999998889e-02
7.412802500000000017e-02
7.775997500000000895e-02
7.430945499999999648e-02
1.333041050000000061e-01
9.007512100000000799e-02
7.768857100000001181e-02
4.971665000000001500e-02
8.363509500000000652e-02
3.690610500000000155e-02
2.997192999999999385e-02
5.706490999999999647e-02
7.570312999999999348e-02
9.275058999999999387e-02
9.319766000000000161e-02
1.100227971999999804e-01
1.311371771999999825e-01
2.442817899999999987e-01
1.534439999999999971e-01
5.630504999999999538e-02
8.092710999999999655e-02
1.321625000000000161e-01
2.054004100000000055e-01
1.343148399999999909e-01
6.654822999999998601e-02
4.378197999999999812e-02
8.053415499999999616e-02
8.713027499999999315e-02
1.320709549999999899e-01
1.920052949999999647e-01
1.851452500000000112e-01
1.555506699999999742e-01
1.789864899999999981e-01
1.726817949999999990e-01
1.563348849999999790e-01
1.220213299999999973e-01
3.442632999999999804e-02
6.402094000000001228e-02
6.636058999999999708e-02
9.862680000000000058e-02
1.497438650000000038e-01
2.081541549999999796e-01
2.009556999999999871e-01
1.774856499999999671e-01
1.700520799999999944e-01
1.601256800000000202e-01
5.826720000000000510e-02
8.555642600000000486e-02
4.289512599999999870e-02
2.179569499999999826e-01
2.786290499999999892e-01
1.878962700000000041e-01
1.861259700000000294e-01
1.695167200000000096e-01
1.562698199999999760e-01
2.193291000000000268e-01
2.118240999999999874e-01
1.841960299999999551e-01
1.931011300000000097e-01
1.536065000000000069e-01
2.031976000000000060e-01
2.217696399999999624e-01
1.645903400000000016e-01
1.441106899999999857e-01
1.282458900000000013e-01
9.360260000000000802e-02
6.892930000000001278e-02
6.642489999999996730e-02
7.331759999999999666e-02
7.220570000000001154e-02
4.298764999999999531e-02
8.344614999999999672e-02
7.815710000000002100e-02
2.297906999999999866e-01
2.085423299999999980e-01
1.074578700000000109e-01
4.200009999999998467e-02
6.300989999999999369e-02
1.057696799999999770e-01
1.358913800000000061e-01
1.606175999999999993e-01
1.753843999999999959e-01
1.585762000000000005e-01
2.089307999999999721e-01
2.133904000000000079e-01
1.922959999999999947e-01
1.703677999999999859e-01
2.049923000000000162e-01
2.028331999999999635e-01
1.223202000000000039e-01
