FramewiseDisplacement
4.062999999999999251e-02
3.553240000000000565e-02
9.244842000000000337e-02
7.546172000000000990e-02
4.982019999999998811e-02
2.842619999999998481e-02
4.224469999999997533e-02
4.369380000000000486e-02
1.578819999999999529e-02
5.890290000000000803e-02
5.378770000000000773e-02
6.329979999999998941e-02
5.951140000000000596e-02
5.200269999999999199e-02
2.935390000000000221e-02
3.410640000000001587e-02
3.918989999999999280e-02
5.009897999999998047e-02
2.366277999999998050e-02
3.680691999999999298e-02
4.988372000000000639e-02
4.257060000000000705e-02
2.837220000000000714e-02
4.439850000000000740e-02
3.373529999999998891e-02
4.480299999999999561e-02
8.126998199999999062e-02
6.803263299999998126e-02
1.154270149999999939e-01
6.658179999999996879e-02
7.714200000000000224e-02
4.147590000000000304e-02
5.970640000000000669e-02
5.855149999999998550e-02
7.826890000000001624e-02
4.950290000000001633e-02
4.153579999999999772e-02
3.675559999999999938e-02
5.194734999999999631e-02
7.279054999999998166e-02
5.297930000000002082e-02
6.441610000000000391e-02
6.808490000000000375e-02
5.499129999999998603e-02
3.236560000000000131e-02
2.641929999999999279e-02
4.021477000000001079e-02
6.063717999999999886e-02
1.349336500000000161e-01
1.895628899999999839e-01
1.128648800000000008e-01
2.096970099999999892e-01
7.062439999999998996e-02
7.607689999999997510e-02
6.188944999999998475e-02
8.457446999999999881e-02
3.596273999999999998e-02
4.053266999999999287e-02
6.832709000000000699e-02
5.332899000000000667e-02
5.464025000000000826e-02
5.425095000000000611e-02
7.490526000000002904e-02
3.986802999999999875e-02
5.087836420000000498e-02
7.839752880000000479e-02
4.188137299999999952e-02
2.934319999999999984e-02
3.056017999999999929e-02
4.140479999999999161e-02
6.214479999999999310e-02
6.257856000000000529e-02
5.511110999999999788e-02
4.707121000000000222e-02
3.885569999999999996e-02
4.240037199999999867e-02
4.231350800000000661e-02
3.043387000000000175e-02
7.118124000000000673e-02
1.746297000000000474e-02
2.834755000000000261e-02
2.535856000000000568e-02
2.472529200000000288e-02
2.233631800000000084e-02
4.880052000000000001e-02
5.525842999999999727e-02
2.971166999999999558e-02
8.340095999999999621e-02
7.707693499999999920e-02
4.980569500000000399e-02
7.245882000000000711e-02
3.736523999999999401e-02
7.440481999999999652e-02
4.631325999999998111e-02
3.705505500000000341e-02
6.233629499999999990e-02
5.780578999999999579e-02
4.455516999999999811e-02
1.154969100000000082e-01
2.073613582999999927e-01
2.798747382999999811e-01
2.257553200000000093e-01
4.983742000000000033e-02
9.486199999999998800e-02
5.662124700000000649e-02
9.290813800000001510e-02
5.558808500000000236e-02
1.223217500000000069e-01
9.671057999999999044e-02
9.113441000000001291e-02
5.668794000000001304e-02
8.050742999999999094e-02
4.273516000000000814e-02
4.710208000000001838e-02
5.049194000000001292e-02
6.121854999999999658e-02
6.274902420000000314e-02
2.452289580000000316e-02
3.739807000000000548e-02
7.297477000000000824e-02
3.412879000000001301e-02
3.756542000000000908e-02
2.393393000000000256e-02
5.767963999999999730e-02
5.817133999999999500e-02
2.078463200000000427e-02
5.659282400000000685e-02
4.948531000000000457e-02
5.094013100000000654e-02
4.363735900000000750e-02
3.033086000000000115e-02
4.606651000000001189e-02
4.500545000000000934e-02
6.911451000000000400e-02
6.314094999999998736e-02
5.189103999999999245e-02
2.251130500000000229e-02
6.176445500000001670e-02
4.850830500000000850e-02
3.247700000000000586e-02
2.321455000000000046e-02
3.741645500000001512e-02
1.936640499999999279e-02
3.375109999999999222e-02
5.351389999999999619e-02
6.686434100000000769e-02
5.560534100000001645e-02
4.187586000000000780e-02
3.014262999999998624e-02
2.565674500000000163e-02
5.300515500000001212e-02
5.482291500000000678e-02
3.267825999999998676e-02
1.177124900000000030e-01
1.385757999999999712e-01
1.097984450000000084e-01
4.450418499999998778e-02
4.238693400000000111e-02
4.797028099999999656e-02
1.070004399999999883e-01
7.219539499999999554e-02
8.077001000000000319e-02
7.598077000000000303e-02
5.241843000000000891e-02
5.746860000000000857e-02
5.539589999999999792e-02
3.754544499999999674e-02
5.004934499999998815e-02
3.926239999999998898e-02
5.563469999999999527e-02
6.552495000000001235e-02
3.566185000000000188e-02
4.863239999999999924e-02
4.733489999999998532e-02
4.920589999999999686e-02
4.651945000000001079e-02
6.981620000000000881e-02
4.735985000000000195e-02
3.907094999999999319e-02
1.644464500000000218e-01
2.375564500000000023e-01
9.537011000000000793e-02
3.970156000000000379e-02
7.171890000000002985e-02
5.755807999999999758e-02
6.791033999999998572e-02
1.408472600000000019e-01
3.785614999999999120e-02
3.839134999999999076e-02
5.450510000000000077e-02
3.903448999999999391e-01
2.581034999999999857e-01
3.456671499999999786e-01
8.530749999999999444e-02
9.356810000000000127e-02
2.245534999999999892e-02
3.533588160000000200e-01
3.357143160000000126e-01
2.380961000000000327e-01
