FramewiseDisplacement
1.401436000000000071e-01
8.009570000000004741e-02
4.878139999999996090e-02
6.327620000000000466e-02
7.163089999999996960e-02
1.275611000000000106e-01
1.613485999999999809e-01
1.485279999999999934e-01
1.299268999999999841e-01
8.205399999999998806e-02
5.312459999999996629e-02
5.726130000000000109e-02
8.712670000000000137e-02
1.450010000000000188e-01
1.365195999999999632e-01
1.223769999999999719e-01
1.432347200000000098e-01
1.254429199999999578e-01
1.371403800000000062e-01
1.394293800000000194e-01
7.254930000000002488e-02
5.546539999999997028e-02
6.220529999999997034e-02
7.024039999999996675e-02
8.502649999999997710e-02
9.621149999999997759e-02
4.228340000000006121e-02
8.261390000000001788e-02
7.809360000000002688e-02
5.958010000000001083e-02
5.525059999999998306e-02
8.164360000000002449e-02
1.281059000000000225e-01
1.081986999999999671e-01
1.094137999999999777e-01
6.570299999999998364e-02
1.167346299999999781e-01
1.542203299999999611e-01
1.595717200000000002e-01
1.427748199999999967e-01
9.450570000000003967e-02
1.088225000000000026e-01
1.011094000000000159e-01
1.236112000000000460e-01
1.341640999999999528e-01
7.671049999999998703e-02
3.849319999999992886e-02
3.491120000000009355e-02
8.228119999999999878e-02
6.111369999999999303e-02
4.458319999999998257e-02
7.743739999999996182e-02
9.610656999999994676e-02
1.111487699999999940e-01
1.201733000000000107e-01
7.055900000000001060e-02
8.470459999999999101e-02
1.053626000000000007e-01
9.829220000000002400e-02
9.183120000000000172e-02
8.581665000000002208e-02
5.846585000000001364e-02
1.379067200000000104e-01
5.514972899999999456e-02
1.133761009999999930e-01
1.059705709999999995e-01
9.805935099999998905e-02
1.303654199999999819e-01
1.968123999999999915e-02
9.674813999999999636e-02
1.444694099999999926e-01
5.517692000000000430e-02
1.404970000000000108e-01
5.372503000000000695e-02
2.636539000000000590e-02
6.268548000000000175e-02
9.447680999999999440e-02
8.716985999999998791e-02
9.234903999999999336e-02
8.974820499999999757e-02
1.845814999999999956e-02
9.014504499999999310e-02
1.015764499999999848e-01
9.686075499999999283e-02
1.230025949999999924e-01
8.948431999999999220e-02
1.462839499999999959e-01
1.631269499999999928e-01
1.238850650000000025e-01
8.691577999999999804e-02
9.698011500000000562e-02
6.830701000000000134e-02
6.117039999999999283e-02
1.142585050000000102e-01
8.441456499999999696e-02
6.290963999999998890e-02
7.832854599999999889e-02
8.573715100000001144e-02
1.200419029999999915e-01
8.987336174999999150e-02
6.000504175000000162e-02
6.865489999999999093e-02
5.773624999999999591e-02
8.716356000000001492e-02
9.726928999999999437e-02
1.031631800000000071e-01
1.031645300000000043e-01
1.482312000000000039e-02
4.792325000000000057e-02
7.921891999999999823e-02
5.955850000000000727e-02
1.519371000000000436e-02
1.246512800000000171e-01
6.571983400000000475e-02
1.049628660000000019e-01
1.702152200000000004e-01
1.467789499999999914e-01
1.096389499999999989e-01
9.311550999999999856e-02
6.014709999999998807e-02
4.577184399999999903e-02
5.571335400000000659e-02
2.491576999999999681e-02
4.211266999999999788e-02
9.933680000000001675e-02
9.748129999999999296e-02
6.712224999999999442e-02
7.076053999999999677e-02
8.584012999999998672e-02
9.725320000000001186e-02
5.534275999999999085e-02
4.392685999999999813e-02
7.419490000000000807e-02
3.007079999999998088e-02
8.383449999999991950e-03
4.468563000000001784e-02
3.605399000000000104e-02
5.455906999999999424e-02
5.683265000000000539e-02
8.687369000000000341e-02
8.563486000000000709e-02
3.629381999999999747e-02
3.817850000000000410e-02
4.949981999999999299e-02
7.373964999999998993e-02
9.073156000000000276e-02
1.108400100000000027e-01
1.202386800000000006e-01
8.361880999999998787e-02
4.632275999999999061e-02
6.802112999999999909e-02
1.221844999999999876e-01
1.072827500000000100e-01
1.279855999999999772e-01
8.734129000000000198e-02
9.621923999999998367e-02
8.644120000000002357e-02
5.185250000000000276e-02
8.265949999999999687e-02
6.610660000000000147e-02
4.681983999999999452e-02
3.945893999999999791e-02
4.176796000000000675e-02
4.513996000000001368e-02
3.395075000000002952e-02
7.721255000000000479e-02
1.152422999999999920e-01
1.290726999999999847e-01
1.087254000000000137e-01
9.306960000000003008e-02
6.648635000000001349e-02
7.589802499999999119e-01
5.422328499999999885e-01
1.217678499999999553e-01
1.005796000000000190e-01
8.569830000000001891e-02
8.505320000000002323e-02
1.216763999999999901e-01
1.332281999999999911e-01
7.119280000000002828e-02
3.237730000000001856e-02
5.286800000000001221e-02
1.345570000000000099e-01
2.834520000000000095e-02
6.195939999999997005e-02
5.411339999999999900e-02
3.610619999999999108e-02
7.209450000000001968e-02
1.238385000000000319e-01
7.450270000000000503e-02
4.525040000000001006e-02
5.848933999999998690e-02
5.801914000000001764e-02
8.567500000000001503e-02
6.663080000000001779e-02
5.839060000000002165e-02
2.951236000000000484e-02
2.512765999999998917e-02
4.833390000000001990e-02
