FramewiseDisplacement
3.255444999999999173e-02
4.931273999999998686e-02
9.544171999999996603e-02
9.223789999999999767e-02
3.692821999999999077e-02
3.458785000000000331e-02
4.357305000000000206e-02
7.088962999999999515e-02
3.843813000000000091e-02
3.141068000000000332e-02
4.810588500000000101e-02
4.141404499999999655e-02
7.280620000000000147e-02
3.580174999999999330e-02
5.363864499999999869e-02
4.009054500000000520e-02
5.868716499999998559e-02
6.724033499999999830e-02
2.338135000000000907e-02
5.335874499999999215e-02
8.485694499999998919e-02
9.834333999999998743e-02
6.311346900000000537e-02
1.015076539999999888e-01
8.052877000000001340e-02
7.543773499999999188e-02
1.136591350000000084e-01
8.880403500000000339e-02
3.821906299999999757e-02
3.471165099999999615e-02
2.933756199999999759e-02
4.172243000000000479e-02
5.622136999999999968e-02
4.062744500000000508e-02
2.487826499999999663e-02
4.498069999999999846e-02
6.213212999999999375e-02
2.584641799999999948e-02
5.003786500000000081e-02
4.397823200000000599e-02
2.097175000000000428e-02
4.568156799999999879e-02
2.990368300000000035e-02
7.442036999999998570e-02
5.209294999999999898e-02
3.782175000000000120e-02
5.263409999999998923e-02
6.561026999999999831e-02
4.881636000000000308e-02
1.053617299999999868e-01
2.350732999999999642e-02
7.678253000000000161e-02
1.239155868000000049e-01
1.074645932000000137e-01
1.393951999999999969e-01
1.139551199999999931e-01
3.561101000000000544e-02
3.616615000000000107e-02
4.332562000000000219e-02
5.312666499999999653e-02
4.052164499999998809e-02
4.963544000000000289e-02
2.576267000000000140e-02
6.802762000000001086e-02
6.163107999999999781e-02
5.121896999999999561e-02
4.986509999999999554e-02
5.407523999999999664e-02
6.149112499999999371e-02
5.919630500000000461e-02
3.817382000000000414e-02
6.463225000000000220e-02
3.917601999999999890e-02
7.391725999999999852e-02
2.440925999999999860e-02
7.222854500000000511e-02
4.269144499999999454e-02
1.526623000000000216e-02
5.612968899999999650e-02
6.179226599999999847e-02
6.598805700000000274e-02
5.268638099999999741e-02
7.876135699999999018e-02
1.037907400000000063e-01
1.414068099999999661e-01
1.117477799999999910e-01
9.323448000000000846e-02
5.890296999999999894e-02
7.063311999999999369e-02
9.328225999999997797e-02
4.865709499999999743e-02
2.081561500000000259e-02
2.148800999999999836e-02
3.319214630000000277e-02
1.930951630000000280e-02
4.052272700000000144e-02
8.323633999999999200e-02
7.364824899999999896e-02
8.583869400000000704e-02
7.879620650000000726e-02
6.656758649999999777e-02
5.198065000000000324e-02
8.859564999999999801e-02
1.092828200000000166e-01
1.102207999999999938e-01
7.867282999999999915e-02
4.786437999999999804e-02
1.731572499999999709e-02
4.674000500000000113e-02
1.492256000000000138e-02
3.023496999999999296e-02
4.611760000000000165e-02
2.229695000000000288e-02
3.504505000000000120e-02
4.771536999999999307e-02
4.710899999999999810e-02
4.604351999999999057e-02
7.783175000000000510e-02
6.479697000000000928e-02
7.247232000000000673e-02
3.219430000000000208e-02
4.383010000000000378e-02
6.156894999999999729e-02
1.008748449999999908e-01
3.243738649999999835e-02
7.917140150000000209e-02
3.804365499999999567e-02
4.775846499999999994e-02
8.327263000000000026e-02
7.135926000000000768e-02
2.586382999999999738e-02
2.585592999999999225e-02
4.937540799999998870e-02
5.863577199999999573e-02
3.262415999999999927e-02
4.038027500000000020e-02
4.674800500000000220e-02
7.280241999999999269e-02
6.416897999999998659e-02
2.378024500000000194e-02
5.384968500000000130e-02
2.221214999999999995e-02
2.590259999999999438e-02
3.246785000000000643e-02
2.533973999999999949e-02
5.576858999999999983e-02
4.130941000000000474e-02
3.874643999999999311e-02
2.736199500000000701e-02
1.537539500000000697e-02
4.128540500000001112e-02
4.978706499999998453e-02
5.026627999999998958e-02
3.540478999999999848e-02
3.619582000000000355e-02
6.784659999999995313e-03
8.071447000000001037e-02
2.096029999999999074e-02
9.070150000000000781e-03
5.882994999999999197e-02
5.693672499999999359e-02
2.924712499999999882e-02
3.583215000000000011e-02
6.299189999999998957e-02
5.207449999999999579e-02
1.730325000000000266e-02
5.490485000000001198e-02
1.169480000000000172e-02
5.238185000000000757e-02
3.940300000000000052e-02
3.830628000000000505e-02
3.776888000000001161e-02
1.917914999999999898e-02
1.147519000000000039e-01
5.184671999999999892e-02
2.704213999999999576e-02
1.289607000000000080e-02
5.955741000000000507e-02
3.654492499999999894e-02
2.491019499999999956e-02
3.426348000000000588e-02
9.138533000000001461e-02
6.491312500000000207e-02
3.444625500000000201e-02
4.056160000000000321e-02
5.134882000000001029e-02
3.893526999999999405e-02
3.805413999999999325e-02
2.737689000000000095e-02
3.039624000000000492e-02
3.574544000000000332e-02
4.984049999999999592e-02
4.516964999999999175e-02
5.977951299999999940e-02
3.955511300000000285e-02
2.580508999999999928e-02
5.702489000000000169e-02
4.304940000000000155e-02
3.583935000000000592e-02
