FramewiseDisplacement
9.882249999999992429e-02
1.209685000000000760e-01
1.522290000000000587e-01
3.127699999999999925e-01
1.374485000000000012e-01
1.682665000000000410e-01
7.889149999999997553e-02
1.608624999999999083e-01
8.068849999999999634e-02
1.813744999999998553e-01
9.703200000000011816e-02
9.066850000000004073e-02
6.616199999999999859e-02
9.640249999999994657e-02
1.216050000000000603e-01
1.152600000000000013e-01
1.559704999999999286e-01
1.709244999999999237e-01
2.662529999999999619e-01
1.361805000000000931e-01
1.555285000000000140e-01
8.840900000000002923e-02
8.119750000000007517e-02
7.996294999999999098e-02
2.593895000000012024e-02
8.234300000000011055e-02
2.144162000000000290e-01
1.468705499999999609e-01
1.549073000000000255e-01
1.404734000000000260e-01
9.453230000000005517e-02
1.292119999999999380e-01
9.015614999999992107e-02
8.639109999999991518e-02
9.307689999999996244e-02
7.201234999999997499e-02
1.706230000000000940e-02
5.942224999999999591e-02
6.427954999999997698e-02
6.514799999999999758e-02
7.422945000000001625e-02
1.111531499999999922e-01
1.048836499999999949e-01
1.314905500000000393e-01
5.106445000000001122e-02
5.739734999999998588e-02
1.304918499999999648e-01
8.416804999999999426e-02
2.368374999999993749e-02
2.199165000000002229e-02
6.990629999999996291e-02
7.721145000000002867e-02
1.961586499999999900e-01
2.763000049999999597e-01
8.672220500000001053e-02
5.375344999999998735e-02
8.754254000000000202e-02
6.980074000000002776e-02
6.941679999999997297e-02
1.621091500000000074e-01
7.022815000000001695e-02
1.244632999999999712e-01
1.161262999999999879e-01
1.096763000000000043e-01
8.581869500000000039e-02
4.781242999999999604e-02
7.722003499999999243e-02
3.936291000000000789e-02
4.761585000000000123e-02
5.995396999999998838e-02
3.678560999999999637e-02
6.460605499999999557e-02
3.640448500000000032e-02
4.817864000000000868e-02
7.531479000000000645e-02
3.861735000000000168e-02
5.054625000000000784e-02
7.061316000000000814e-02
5.218520000000000103e-02
3.979304000000000174e-02
4.006721600000000272e-02
4.029144599999999465e-02
4.344647999999998872e-02
6.070487000000000105e-02
4.927103999999999512e-02
5.288497000000000337e-02
6.798310999999999937e-02
6.967326000000000075e-02
6.476555000000000506e-02
6.403810999999999531e-02
6.725486049999999938e-02
5.737511950000000888e-02
7.778424899999999975e-02
2.598569499999999963e-02
4.378420999999999702e-02
8.142065699999999351e-02
7.987383299999999131e-02
1.271939299999999828e-01
7.602239000000000912e-02
5.649006000000000166e-02
4.244297999999999127e-02
8.885262999999998801e-02
9.611638499999999863e-02
6.690287000000000317e-02
6.794617500000001142e-02
6.346488749999999734e-02
1.165051505000000154e-01
1.002305399999999930e-01
1.385269600000000045e-01
1.437948599999999966e-01
6.726406000000000052e-02
8.775825399999998000e-02
6.139792599999997769e-02
9.267285000000000106e-02
1.362697999999999965e-01
1.354718320000000142e-01
1.260963699999999993e-02
4.434283100000000616e-02
1.109249350000000023e-01
2.698818499999999787e-02
6.105555000000000010e-02
5.894624999999999865e-02
5.565040499999999307e-02
3.652680499999999553e-02
4.788994999999999364e-02
1.997975000000000445e-02
7.545639999999999292e-02
9.657994999999999775e-02
3.569184999999999719e-02
4.198895000000000405e-02
4.719380999999998882e-02
9.925293000000000310e-02
1.216679899999999898e-01
4.883855000000000141e-02
1.012686549999999852e-01
7.395792000000001032e-02
9.195681499999999731e-02
5.706435000000001367e-02
5.594405000000000211e-02
4.461649999999998950e-02
6.282755500000000715e-02
3.575870000000000437e-02
8.458710499999999577e-02
3.337495000000000045e-02
3.528845000000001286e-02
2.044985000000000552e-02
4.534755000000000730e-02
6.466220000000000301e-02
7.614379500000000023e-02
1.144903950000000087e-01
6.263824999999997867e-02
7.077250999999999681e-02
7.637431000000001469e-02
9.755035000000000789e-02
1.716351999999999878e-01
1.682724500000000178e-01
2.073970649999999916e-01
2.117938849999999873e-01
8.267652999999999808e-02
1.755922200000000211e-01
2.791047999999999862e-01
9.517027999999999599e-02
4.303476999999998609e-02
1.117672900000000052e-01
7.161002000000001033e-02
1.391262100000000002e-01
3.600244999999997753e-02
6.802044999999999619e-02
4.073585000000001788e-02
5.212965000000001348e-02
6.779659999999998465e-02
5.997059999999998503e-02
7.011852999999998448e-02
7.325092999999997800e-02
6.394384999999999653e-02
5.930620000000001030e-02
8.631895000000001927e-02
5.154180000000000567e-02
2.708917000000000963e-02
5.787032000000002369e-02
4.442954999999997046e-02
6.214370000000001698e-02
5.940834999999997090e-02
3.633260000000000656e-02
1.601490999999999887e-01
7.963919999999997945e-02
3.234249999999996850e-02
4.241840000000000888e-02
2.894479999999999623e-02
1.056253000000000053e-01
7.013494999999998758e-02
5.989930000000000254e-02
4.717719999999999553e-02
2.348727099999999846e-01
7.948429000000002687e-02
1.078362000000000070e-01
8.617904999999999316e-02
8.839104999999999879e-02
5.349209999999998688e-02
