FramewiseDisplacement
6.381775000000003417e-02
3.415025000000000699e-02
7.429485000000000949e-02
1.069556000000000118e-01
8.454389999999997740e-02
5.762839999999998936e-02
5.861269999999997593e-02
9.935719999999997887e-02
5.274989999999998846e-02
5.043785000000000629e-02
8.816850000000001075e-02
5.044655000000000666e-02
5.590494999999998105e-02
6.580359999999994824e-02
6.634955000000006264e-02
5.329269999999997065e-02
6.423410000000001618e-02
4.386849999999999777e-02
4.025789999999998536e-02
4.685589999999999894e-02
4.186050000000000881e-02
7.039219999999998811e-02
6.172129999999999284e-02
5.506880000000000108e-02
2.502349999999999366e-02
8.050859999999997185e-02
6.058430000000000759e-02
4.802980000000000443e-02
3.032590000000003061e-02
5.887999999999999484e-02
2.809020000000002348e-02
6.097460000000000380e-02
9.193619999999998182e-02
2.949729999999996938e-02
6.546085000000001486e-02
9.179110000000000047e-02
7.992910000000001680e-02
2.549235000000000390e-02
8.328054000000001400e-02
6.479809000000000263e-02
9.241235000000003197e-02
4.854205000000001713e-02
3.843288999999998345e-02
7.191553999999998614e-02
5.716621999999998288e-02
5.857516999999999585e-02
4.635572999999999777e-02
5.777102999999998711e-02
8.297474999999998602e-02
4.784525000000000583e-02
4.091379999999999323e-02
2.581239999999999229e-02
3.160699999999998927e-02
3.862810000000000549e-02
5.676339999999999858e-02
3.731965000000000282e-02
5.864089999999999581e-02
4.880530000000000979e-02
3.057135000000000408e-02
5.100040000000000129e-02
2.814790000000000694e-02
5.291020000000000445e-02
4.815854000000001356e-02
5.330303000000000124e-02
6.553968999999999767e-02
6.029288000000000702e-02
1.863699999999999732e-02
5.014620000000000882e-02
2.556808550000000402e-02
2.159578049999998778e-02
4.907281499999999880e-02
7.735630000000000284e-02
4.678424999999999945e-02
6.522733000000000003e-02
3.364794949999999618e-02
4.757308950000001257e-02
9.505337000000002590e-02
8.288581999999999894e-02
4.951782999999999185e-02
3.050954999999999639e-02
6.611034999999999828e-02
5.219722999999999724e-02
2.769215000000000218e-02
1.027103900000000125e-01
6.178002999999999967e-02
1.043757999999999908e-01
3.238124000000000557e-02
2.038623999999999992e-02
3.528354499999999255e-02
2.803108499999999725e-02
5.704757500000000314e-02
5.813638239999999874e-02
2.984397240000000173e-02
5.140710000000000418e-02
3.553106000000000320e-02
1.254358999999999856e-02
1.728708999999999801e-02
4.289651500000000311e-02
7.412915500000000213e-02
6.064882809999999624e-02
2.045583110000000204e-02
6.167635300000000320e-02
2.718046600000000035e-02
3.387855699999999665e-02
5.285559799999999669e-02
2.808810400000000262e-02
3.666869159999999739e-02
7.075310159999999293e-02
4.851828899999998529e-02
5.621584000000000303e-02
2.408263999999999891e-02
1.114507100000000292e-02
4.951377100000000503e-02
7.684262499999998386e-02
2.530308999999999683e-02
7.401369499999999046e-02
5.709867999999999888e-02
4.052734500000000628e-02
1.141139999999999863e-02
9.512959499999998347e-02
5.322139500000001855e-02
7.889324999999999810e-02
6.867763999999999813e-02
6.219685999999999965e-02
3.739418000000001296e-02
8.811053500000001759e-02
9.630231500000001332e-02
1.671105000000000854e-02
6.301854999999999263e-02
6.061450999999999645e-02
5.184879000000000571e-02
6.842843999999999316e-02
1.890380499999999853e-01
5.312680000000000180e-02
4.607245999999998176e-02
7.550471999999999739e-02
6.066019000000000272e-02
2.342635999999999330e-02
5.359893999999999770e-02
9.511071809999999127e-02
5.716188810000000925e-02
6.068476000000001813e-02
7.303979000000000721e-02
4.673832999999999460e-02
2.285432999999999909e-02
4.712079000000000267e-02
8.894559999999999966e-02
5.693205000000000487e-02
2.244991000000000000e-02
4.373480999999999203e-02
8.642929999999998669e-02
5.627354999999999163e-02
5.932445000000000079e-02
6.411740000000000494e-02
6.862530000000002794e-02
4.838210000000001121e-02
9.273435000000000705e-02
9.321954000000000351e-02
4.658161000000000940e-02
5.049399999999999028e-02
4.938544999999999741e-02
4.553026000000000295e-02
1.967966200000000054e-02
5.393484199999999673e-02
4.700846000000000885e-02
7.265993999999999231e-02
4.607270000000000809e-02
3.368675399999999931e-02
6.243610400000001309e-02
4.775859999999997746e-02
8.180685000000000040e-02
1.021529000000000048e-01
7.600294999999999968e-02
6.447944999999999371e-02
4.936555000000001497e-02
6.648795000000001787e-02
6.524254999999999638e-02
1.161814500000000056e-01
1.010202999999999934e-01
1.024133500000000141e-01
5.951644999999998464e-02
8.581724999999998382e-02
1.146884000000000098e-01
9.257025000000002057e-02
6.289779999999998983e-02
7.061465000000000103e-02
4.728299999999999170e-02
4.595360000000001804e-02
5.594319999999998461e-02
2.914820999999999662e-01
6.362625000000000919e-02
1.006506000000000206e-01
4.238344999999999613e-02
5.063660000000001771e-02
9.960609999999997521e-02
7.590050000000000963e-02
3.497704999999998871e-02
5.883729999999996740e-02
2.777315000000001727e-02
