FramewiseDisplacement
4.618495000000000933e-02
3.844154999999997019e-02
3.397234999999997757e-02
6.649075000000001512e-02
8.553790499999999741e-02
7.966140499999996294e-02
4.915779999999998762e-02
4.540890000000002286e-02
7.818780000000002950e-02
8.839265000000003092e-02
8.652016992000002849e-02
9.257517007999999104e-02
4.344700999999995261e-02
4.453160999999995762e-02
7.474148999999997989e-02
7.662984999999998548e-02
7.246558999999999640e-02
8.096173999999999038e-02
3.101231000000000404e-01
2.010959500000000233e-01
9.052870000000000361e-02
4.868395000000003137e-02
8.344125000000005010e-02
1.342933000000000321e-01
7.391797000000004114e-02
2.544193000000000496e-02
7.957685999999998538e-02
3.812113999999999780e-02
5.436998999999999305e-02
2.400414000000000367e-02
9.898309999999999054e-02
8.305544999999994737e-02
1.061740000000000253e-02
5.233415999999996293e-02
7.276820999999994433e-02
4.690727999999998177e-02
3.461702999999999308e-02
4.363537000000002747e-02
5.821776000000006279e-02
8.317398000000002234e-02
6.135609000000002977e-02
1.095181900000000152e-01
3.149325000000002123e-02
5.189538000000001872e-02
1.582495499999999888e-01
8.081377000000000699e-02
1.960591500000000154e-01
5.934069299999998603e-02
1.146216830000000020e-01
3.175809999999999050e-02
4.716200000000000253e-02
3.730185000000003220e-02
5.922324999999999118e-02
3.707685000000000008e-01
6.279901499999998582e-02
1.284761849999999928e-01
2.011486500000000122e-01
1.687741499999999839e-01
7.404822000000001181e-02
7.307781000000002081e-02
7.587816000000000005e-02
8.878940000000003219e-02
1.447892000000000068e-01
1.112498999999999849e-01
6.207815000000000555e-02
6.781010000000001203e-02
5.084870000000002443e-02
6.351280000000000814e-02
7.161069999999999935e-02
4.430440000000001460e-02
1.114395499999999983e-01
4.070395000000000263e-02
1.498290399999999689e-01
1.418759900000000074e-01
1.404403800000000035e-01
6.473222999999998784e-02
9.536579000000000583e-02
8.079659000000002922e-02
5.961630000000000401e-02
2.491540000000001115e-02
8.486189999999999012e-02
4.810089999999997423e-02
1.067941500000000044e-01
5.963334999999998776e-02
4.168564900000000240e-01
1.772429599999999772e-01
6.790812000000003013e-02
5.970059999999997868e-02
7.621804000000000079e-02
7.273288999999998061e-02
2.573968000000000436e-02
9.192377000000000187e-02
4.598468900000000081e-01
2.086212699999999975e-01
2.867181200000000207e-01
1.267434100000000008e-01
7.146276499999999754e-02
8.324760999999999966e-02
7.600145499999999554e-02
9.523551249999999413e-02
8.343374949999998735e-02
6.782727499999999243e-02
1.278958350000000133e-01
5.735605300000000406e-02
7.101754300000000242e-02
6.700051499999999660e-02
4.930713600000000141e-02
5.801324100000000705e-02
1.087569499999999911e-01
1.134924449999999974e-01
1.054298649999999976e-01
7.500853999999999855e-02
9.677080000000000404e-02
5.732559500000000002e-02
1.024504849999999939e-01
1.302380830000000045e-01
5.511416300000000768e-02
6.080452299999999921e-01
1.641801999999999429e-01
1.454137000000000346e-01
8.153289999999999149e-02
1.484321469999999588e-01
4.398042300000001847e-02
2.699532199999999937e-01
1.420467499999999994e-01
6.686075000000001045e-02
3.399929500000000160e-01
2.833972000000000158e-01
9.603359999999998287e-02
3.634238999999999664e-01
3.526277999999999913e-01
3.540910000000000585e-02
1.042180000000000467e-01
4.933359999999998441e-02
2.849801000000000140e-01
2.210724999999999774e-01
1.144301999999999819e-01
1.254858999999999836e-01
2.563736999999999822e-01
1.655113000000000278e-01
1.248723999999999945e-01
1.358410999999999647e-01
1.371614999999999918e-01
4.524570000000000675e-02
1.545304000000000122e-01
2.801758000000000304e-01
1.514562999999999882e-01
1.895273000000000096e-01
1.092938200000000082e+00
5.721775000000001166e-01
2.875264000000000153e-01
1.200277999999999623e-01
6.477569999999999162e-02
9.792399999999996940e-02
1.751542999999999572e-01
1.169241999999999365e-01
5.724502000000000201e-01
2.398132000000000319e-01
1.983322999999999892e-01
1.029679999999999762e-01
7.634749999999995707e-02
3.413636999999999921e-01
2.977097000000000215e-01
1.355010000000000103e-01
1.154103349999999928e+01
2.986652399999999208e+00
5.865004000000006990e-01
1.867089999999999306e-01
6.912990000000001078e-01
1.238259999999998112e-01
1.345194999999999030e-01
1.034694999999998810e-01
1.027269999999999017e-01
1.316115000000002144e-01
1.521274999999999156e-01
1.123155000000000958e-01
1.297595000000001109e-01
3.008515000000003825e-01
1.238025000000002041e-01
9.920350000000052737e-02
8.959599999999991182e-02
1.011744999999996120e-01
1.103744999999999449e-01
1.016020000000001783e-01
1.576885000000000647e-01
9.585100000000026932e-02
6.437700000000004530e-02
8.161850000000013539e-02
7.203949999999975651e-02
1.119959999999999706e-01
9.635100000000015874e-02
1.205880000000001950e-01
1.064054999999995837e-01
5.544850000000005330e-02
6.419650000000010071e-02
1.456405000000005057e-01
1.278090000000002280e-01
1.553474999999997497e-01
2.602065000000002848e-01
