FramewiseDisplacement
6.786159999999995251e-02
5.165999999999996983e-02
2.494424999999991788e-02
6.816240800000000766e-02
7.065905800000005232e-02
5.194962999999998277e-02
3.895977999999995778e-02
4.006995470000005583e-02
7.852690470000003864e-02
1.069065786000000240e-01
9.760888860000002665e-02
1.108909399999999656e-01
7.989280129999995483e-02
2.730941130000000272e-02
4.434189000000003655e-02
7.896555000000009261e-02
3.950164999999991600e-02
7.767638999999991467e-02
9.831923999999996056e-02
1.215553525000000606e-01
2.427584250000010269e-02
3.579079000000011390e-02
1.013151499999999511e-01
7.459820229999998553e-02
1.008643523000000153e-01
8.924640000000001738e-02
5.357389999999999375e-02
7.274860000000001048e-02
3.415410000000006219e-02
6.477069999999998662e-02
1.219361000000000472e-01
1.011494499999999880e-01
1.037890999999999536e-01
6.963074999999997738e-02
3.343100000000002320e-02
4.174700000000002020e-02
6.602120000000005762e-02
3.946000000000001590e-02
6.479644999999999155e-02
6.969200000000000395e-02
5.142079999999998180e-02
4.030840000000000117e-02
7.283754999999995927e-02
7.736075000000001978e-02
6.242459999999998288e-02
5.841490000000003346e-02
7.934395000000002418e-02
8.595774999999999944e-02
3.595365000000001060e-02
2.469737000000000460e-01
5.304999999999999993e-02
7.072620000000000295e-02
1.581361000000000017e-01
7.545090000000000130e-02
1.143946999999999881e-01
5.428699999999998110e-02
2.515564999999997733e-02
8.416434999999998501e-02
1.072834999999999900e-01
7.555489999999999429e-02
1.083274499999999918e-01
9.192580000000001583e-02
9.049640000000001849e-02
4.941104999999997027e-02
4.892660000000004228e-02
1.218397999999999981e-01
7.925639999999996299e-02
3.573279999999997431e-02
7.779443000000001163e-02
6.688844000000002121e-02
1.098220500000000183e-01
3.732149999999999357e-02
6.081409999999997512e-02
6.975128999999999357e-02
9.776009000000000781e-02
8.041149999999999687e-02
2.733269999999998062e-02
6.694270000000000775e-02
8.404997499999998511e-02
9.099077499999999596e-02
9.326997500000000496e-02
5.491675000000001416e-02
6.013959500000000402e-02
3.416468000000000282e-02
5.166645000000000265e-02
5.117295000000000871e-02
3.721310000000000590e-02
6.369084999999999330e-02
1.155532499999999962e-01
1.289918800000000032e-01
8.842708000000000512e-02
5.630885000000000057e-02
3.927005000000000079e-02
8.619920000000000360e-02
6.527879999999999794e-02
7.063830000000000109e-02
1.377460000000000490e-02
7.696550000000008593e-03
5.209719999999998241e-02
1.519008149999999946e-01
1.191503600000000107e-01
9.483529099999998824e-02
9.869177099999999758e-02
6.527349600000000029e-02
1.205647810000000097e-01
8.266894999999999105e-02
3.249430000000000374e-02
3.043914999999999468e-02
5.483766500000000765e-02
5.224180999999999964e-02
5.581568500000000377e-02
1.237154650000000244e-01
7.561693999999999360e-02
1.196743100000000060e-01
1.520109050000000295e-01
5.782355499999999870e-02
5.773777000000000076e-02
5.367672000000000415e-02
2.252180000000000154e-02
3.220739499999997896e-02
3.636284499999999781e-02
4.204000999999999572e-02
5.282147000000000231e-02
7.474989000000001327e-02
7.131907999999997916e-02
8.645913999999997601e-02
9.790431499999997789e-02
1.054708440000000080e-01
6.741250100000001355e-02
5.072346000000000493e-02
3.954813000000001466e-02
4.885497000000001144e-02
6.631092000000000930e-02
1.085330999999998755e-02
5.926900999999999003e-02
7.434067500000000883e-02
8.088966499999999948e-02
5.071795999999999943e-02
8.110213000000000838e-02
9.713083000000001521e-02
5.167340000000000821e-02
5.050712999999999037e-02
6.328490000000000504e-02
4.174283000000000160e-02
3.819791999999998938e-02
7.436649000000000731e-02
7.191612500000001129e-02
7.335665500000000672e-02
9.143492000000000286e-02
4.081448000000002102e-02
6.127931500000000087e-02
2.219538999999999193e-02
2.184745000000000784e-02
6.943383100000001529e-02
6.462679599999998636e-02
4.617449499999999596e-02
4.676495999999998737e-02
6.006346000000001295e-02
3.031352999999999132e-02
7.291343999999999603e-02
3.577832999999999708e-02
7.489542000000000421e-02
5.135215000000000612e-02
3.063499999999999557e-02
4.754484999999999961e-02
2.760090000000001154e-02
7.442876499999999396e-02
5.175323999999999203e-02
3.567077000000000442e-02
1.129635449999999985e-01
1.137813499999999894e-01
6.970947999999999034e-02
4.745118000000000946e-02
8.040724999999999956e-02
5.361250000000000737e-02
8.649929999999997343e-02
6.107029999999998710e-02
3.583655000000000868e-02
7.519719999999999183e-02
1.123398050000000009e-01
8.555495499999997422e-02
5.938894999999999591e-02
4.848607999999999391e-02
6.851042999999999716e-02
4.378629999999998634e-02
4.461880999999998099e-02
2.856135999999999397e-02
6.635464999999998725e-02
7.663066000000000322e-02
1.053605399999999886e-01
1.484073099999999867e-01
1.744128500000000082e-01
1.095827899999999994e-01
7.371710260000000070e-02
2.869320620000000155e-02
4.885290359999999721e-02
7.583732829999999259e-02
4.388750679999999654e-02
3.287982350000002302e-02
