FramewiseDisplacement
4.033297000000000271e-02
7.662315000000000098e-02
6.088076499999998947e-02
2.626373500000000333e-02
8.765261499999998929e-02
4.819902399999999310e-02
5.722171900000000422e-02
6.662484000000000461e-02
6.820921999999998708e-02
8.362494999999997569e-02
1.220859400000000039e-01
8.656854000000001326e-02
7.724632210000000054e-02
6.111762209999999085e-02
6.102099999999999191e-02
4.607961499999999044e-02
4.214611450000000509e-02
4.457994969999999613e-02
2.861592980000000203e-02
2.810545000000000057e-02
3.056850000000000539e-02
3.188330000000000330e-02
3.451565000000000188e-02
5.420985200000000281e-02
4.423644000000000881e-02
5.378023190000000286e-02
6.019260309999999170e-02
7.404128999999999572e-02
3.771725499999999814e-02
3.463182000000001454e-02
9.456939999999990076e-03
2.270925749999998938e-02
6.410568749999998039e-02
3.935994999999999078e-02
3.931344999999999285e-02
4.396739999999998982e-02
5.838579999999999465e-02
5.267065000000001329e-02
5.776319999999999372e-02
4.573649999999999244e-02
1.880930000000000102e-02
6.520365000000000189e-02
3.981523000000000007e-02
5.131403000000001047e-02
3.382731999999998712e-02
4.588282000000000471e-02
4.943923499999999110e-02
4.837269000000000291e-02
3.489318500000000711e-02
4.907121999999999179e-02
6.825192000000002146e-02
5.632528300000000376e-02
3.428476299999998894e-02
9.940132000000002910e-02
1.704697299999999860e-01
6.791269999999999252e-02
4.139089999999998742e-02
6.472483499999999446e-02
4.272854499999999278e-02
8.651293000000001565e-02
8.451823499999999711e-02
2.237356699999999698e-02
7.076650199999999502e-02
3.160311000000000370e-02
8.523986999999999536e-02
5.614176500000000319e-02
8.421618000000001547e-02
4.952805500000000138e-02
5.748608500000000621e-02
3.074725500000000111e-02
4.591464500000000393e-02
3.800959500000000019e-02
1.921574000000000199e-02
7.514752000000000931e-02
3.129959000000000213e-02
3.800722999999999602e-02
6.248520999999999936e-02
5.755911999999999140e-02
2.851426100000000255e-02
1.718423900000000046e-02
2.383932500000000149e-02
2.675361899999999932e-02
6.178532200000000363e-02
7.155346099999999876e-02
3.506928900000000349e-02
2.837197399999999772e-02
4.496350799999999925e-02
4.648050599999999088e-02
9.314998500000001153e-03
3.859841449999999730e-02
6.388525000000000800e-03
2.695107500000000142e-02
2.658283790000000313e-02
5.504334290000000712e-02
1.449180499999999927e-01
8.141099499999998601e-02
3.838901999999998899e-02
8.204097000000000472e-02
9.865642000000000855e-02
1.110728483999999933e-01
8.190178340000001111e-02
7.927275500000000030e-02
3.936671000000000614e-02
2.533920999999999743e-02
6.355977999999999628e-02
2.235745999999999567e-02
7.545267299999999788e-02
8.316050299999999673e-02
2.895165499999999975e-02
4.383212300000000061e-02
3.007764199999999818e-02
4.752903499999999726e-02
8.747047199999999356e-02
6.663520699999998798e-02
4.887532399999999083e-02
6.136248599999999387e-02
3.176751400000000364e-02
4.192325400000000701e-02
5.284198300000000209e-02
4.106998300000000435e-02
3.230638600000000638e-02
3.103991500000000126e-02
4.831223899999999988e-02
4.880354999999999416e-02
3.659662600000000016e-02
1.536919360000000012e-01
1.017460200000000065e-01
6.630218999999999696e-02
3.392256999999999911e-02
3.298879849999999947e-02
2.625039850000000438e-02
1.686004999999999449e-02
2.664049999999999405e-02
1.183019999999999558e-02
6.833200000000001079e-03
1.195489999999999747e-02
6.426080600000000365e-02
5.428850600000000720e-02
4.397571999999999592e-02
5.008371999999999824e-02
3.402168999999999333e-02
7.702289000000001051e-02
8.064804999999999890e-02
5.868419500000000844e-02
5.355214499999999544e-02
5.956214999999999427e-02
2.269925000000000068e-02
3.653869999999999341e-02
2.960814999999999975e-02
4.535369999999999679e-02
3.639710000000000167e-02
4.918335000000000762e-02
6.099525000000001473e-02
2.800290000000000418e-02
3.722575000000000883e-02
6.179595499999999964e-02
9.699709499999999152e-02
4.680709999999999038e-02
2.521844000000000516e-02
4.422569000000000500e-02
2.235374999999999862e-02
6.473330999999998836e-02
4.517361000000000293e-02
6.688699999999990140e-03
7.965699999999999170e-03
3.400769999999998794e-02
3.483259999999999135e-02
3.085620000000000376e-02
1.191940699999999992e-01
8.812456999999999929e-02
3.497430000000001371e-02
7.937865000000000892e-02
8.162320000000000686e-02
7.768804999999999461e-02
6.029314349999999323e-02
1.230123935000000251e-01
8.251055000000000195e-02
5.307565000000000893e-02
6.097616950000001035e-02
6.915454550000001144e-02
4.933470999999999690e-02
4.845763999999998933e-02
1.818210049999998898e-02
4.686487450000000055e-02
7.255650999999999073e-02
4.400114999999998194e-02
4.130434999999999662e-02
3.293970000000000925e-02
5.229794999999998195e-02
3.452809999999997825e-02
5.243706499999999104e-02
4.986150000000000998e-02
7.278030500000001735e-02
3.142190000000000955e-02
3.191799999999999499e-02
3.465474999999999806e-02
1.771202455000001758e-02
3.921374999999999861e-02
7.374746644999997935e-02
