FramewiseDisplacement
8.925065000000002857e-02
2.768582499999999724e-01
2.608748499999999915e-01
2.158170999999999840e-01
1.749664000000000497e-01
6.423655000000001725e-02
4.674146499999999316e-01
1.650046500000000305e-01
4.478363000000000760e-01
1.588587500000000208e-01
1.618119500000000377e-01
5.927590000000003412e-02
1.201160500000000020e-01
1.552592499999999598e-01
8.006249999999996703e-02
1.240149000000000112e-01
7.743959999999996957e-02
8.317474999999999175e-02
6.245124999999997900e-02
2.402554000000000078e-01
3.919431500000000734e-01
4.209562499999999763e-01
1.942411500000000291e-01
1.703278500000000306e-01
1.877791500000000335e-01
1.841062499999999713e-01
2.244824999999999737e-01
2.849916999999999589e-01
1.141752199999999801e-01
6.584909300000000298e-01
1.686544499999999835e-01
7.047006799999999682e-01
7.451619999999999078e-02
2.196984199999999776e-01
1.794598499999999763e-01
1.063417000000000112e-01
2.701455500000000121e-01
3.132095135499999849e-01
9.159561355000002403e-02
1.261689600000000244e-01
1.611289899999999720e-01
2.341978000000000393e-01
1.085212400000000049e-01
3.472099399999999947e-01
1.238413349999999857e+00
1.787324749999999796e+00
1.233088359999999994e+00
3.368569599999999831e-01
3.010931500000000316e-01
4.105074499999999960e-01
1.219872949999999956e-01
6.921690749999999392e-02
2.056786774999999901e-01
1.156639050000000113e-01
3.385625250000000031e-01
1.814153000000000293e-01
1.628804500000000377e-01
1.986527499999999891e-01
3.143846499999999877e-01
2.165060000000000318e-01
1.726482499999999753e-01
9.290124999999999078e-02
8.946639999999998760e-02
9.241900000000000115e-02
3.441200000000001202e-02
4.804509999999999337e-02
1.388155500000000098e-01
8.880525000000001612e-02
5.711489999999998235e-02
4.907745000000002245e-02
5.970665000000000694e-02
6.735750000000000071e-02
7.089956500000000883e-01
2.212679499999999910e-01
1.398799944999999934e-01
2.054196554999999924e-01
3.841377899999999790e-01
3.308813400000000238e-01
2.677829500000000196e-01
8.009580000000000866e-02
9.464150000000003116e-02
1.501271999999999607e-01
1.600640000000000118e-01
4.986488500000000323e-01
8.439181399999998723e-01
1.741794189999999798e+00
1.409550399999999870e+00
4.457222999999998492e-01
3.854881599999999686e-01
4.932568099999999900e-01
1.473530799999999974e-01
9.074522999999998230e-02
1.479734099999999997e-01
1.573014199999999974e-01
7.218563000000000063e-02
2.156443000000000110e-01
2.220364170000000137e-01
1.339719230000000205e-01
8.792552500000000437e-02
2.442323499999999800e-02
1.160589850000000034e-01
1.667180000000000051e-01
2.513447950000000097e-01
3.544084719999999744e-01
8.504027799999999693e-02
9.039158999999999389e-02
1.724354200000000059e-01
1.714195799999999881e-01
7.570910000000002915e-02
1.936510000000002396e-02
5.731340000000003515e-02
1.337720000000000298e-01
2.269957499999999684e-01
2.241794999999999760e-01
2.283501000000000003e-01
1.072910999999999726e-01
1.066774999999999946e-01
1.047117500000000062e-01
1.221252500000000046e-01
5.142395000000000993e-02
7.637055000000000926e-02
3.638015000000002774e-02
2.947265000000000301e-02
2.856725000000000930e-02
6.416175000000001738e-02
7.886274999999999535e-02
6.274465000000004067e-02
5.639719999999999456e-02
5.961370000000000557e-02
5.113789999999999308e-02
1.029631999999999631e-01
7.076439999999996344e-02
7.420335000000000125e-02
5.345345000000002733e-02
1.070045500000000177e-01
4.818445000000001061e-02
9.947220000000003837e-02
8.664025000000000198e-02
1.836254499999999956e-01
2.584538000000000668e-01
1.838098999999999983e-01
2.074018499999999987e-01
1.353935500000000014e-01
1.097594099999999739e-01
6.671620999999998414e-02
4.989385499999999807e-01
3.308336499999999791e-01
7.322189500000000351e-01
4.121977999999999476e-01
1.749518499999999921e-01
2.859867999999999855e-01
3.294551500000000299e-01
5.913504999999999456e-02
1.312661999999999995e-01
3.661429999999993995e-02
3.453009999999997331e-02
1.235616999999999549e-01
1.005588000000000315e-01
8.656529999999999780e-02
5.191505000000000425e-02
6.601824999999998667e-02
6.015829999999999789e-02
7.854220000000002033e-02
5.041549999999995341e-02
1.176303999999999683e-01
9.848959999999999659e-02
7.053430000000000810e-02
4.046550000000001535e-02
1.151646999999999532e-01
8.729259999999997022e-02
7.371360000000003188e-02
8.914820000000003852e-02
6.817770000000000774e-02
8.721790000000000098e-02
1.419574999999999865e-01
3.547042999999999169e-01
2.533176999999999790e-01
1.373320999999999570e-01
9.511920000000000097e-02
3.648360599999999065e-01
3.197998600000000469e-01
1.449140999999999901e-01
9.650699999999999557e-02
2.282890000000002001e-02
9.408560000000001922e-02
6.354099999999997250e-02
5.716329999999996553e-02
1.279984600000000083e-01
2.452708699999999742e-01
5.252928300000000439e-01
4.585253499999999427e-01
2.505463499999999732e-01
1.423559999999999826e-01
8.062938999999999523e-02
1.167654899999999996e-01
2.607256799999999597e-01
3.062280900000000639e-01
5.962652900000001838e-02
4.967622899999998842e-02
