FramewiseDisplacement
7.919024639999999726e-02
2.844493000000000160e-01
2.207245549999999612e-01
8.206356499999996335e-02
8.531050499999996706e-02
3.565419999999999007e-02
4.104118999999999129e-02
3.091089499999997645e-02
3.035180500000000253e-02
6.397928499999999685e-02
4.924188499999999219e-02
5.696879999999997918e-02
2.414682999999998025e-02
6.403805500000001039e-02
6.486715399999998244e-02
2.380077600000000959e-02
3.568376999999998272e-02
5.805098999999999676e-02
6.496858999999999273e-02
4.229142000000003093e-02
4.312342000000004422e-02
4.270288000000002637e-02
4.855468999999997676e-02
3.581795000000001505e-02
1.105046100000000309e-01
4.426775999999999628e-02
3.141491999999999896e-02
5.337056000000003214e-02
6.119224000000000191e-02
2.399873000000003059e-02
3.326924999999999327e-02
3.828183000000002362e-02
1.163187300000000091e-01
5.598981000000001484e-02
3.524185000000001899e-02
1.056614000000000025e-01
1.028523500000000090e-01
8.947649900000001488e-02
7.156221900000001024e-02
6.350220999999998950e-02
9.165170299999998715e-02
8.746335700000003321e-02
9.511345000000000216e-02
1.418305140000000186e-01
9.500878599999999785e-02
3.784740000000000326e-02
4.024870799999998028e-02
3.009683800000002157e-02
6.835774000000000017e-02
5.410501999999999673e-02
9.815373999999998933e-02
1.034647300000000186e-01
6.935259999999998648e-02
5.891500000000000903e-02
5.716740999999998796e-02
8.838273999999998742e-02
7.113218000000001706e-02
1.262195900000000204e-01
4.419619000000001713e-02
6.403897000000000062e-02
1.185276899999999911e-01
1.053425400000000123e-01
7.131737000000001880e-02
7.622385000000000965e-02
1.152120999999999978e-01
9.205889999999998519e-02
6.958309999999999496e-02
9.343259999999999066e-02
9.307402500000000467e-02
1.181202750000000107e-01
6.054087000000001051e-02
6.644447500000000284e-02
7.018396500000000093e-02
6.811973999999999807e-02
2.137736560000000063e-01
2.407739989999999608e-01
8.626260499999999221e-02
1.157023100000000165e-01
6.847815999999999625e-02
7.854018600000001182e-02
1.207605910000000005e-01
8.230776999999998844e-02
6.840114499999999653e-02
1.382505799999999840e-01
6.701575499999999630e-02
5.138816499999999954e-02
1.909016400000000113e-01
2.552712400000000104e-01
4.022254000000000107e-02
5.462536500000000905e-02
1.988239499999999368e-02
8.423366499999998536e-02
7.410532000000001618e-02
6.892659500000000716e-02
8.609888499999998612e-02
6.816672000000000009e-02
6.236698000000000935e-02
4.472398500000000082e-02
5.802846500000000129e-02
6.889404699999999993e-02
8.542488200000000753e-02
7.036694999999999756e-02
6.002105499999999677e-02
8.428199499999999844e-02
8.821353999999999307e-02
2.072635999999999923e-02
8.382550500000000848e-02
2.291571549999999735e-01
4.541335000000000510e-02
2.268844650000000351e-01
2.531699199999999927e-01
5.501856499999999150e-02
5.213878999999999736e-02
4.111368999999999441e-02
7.638675500000000063e-02
4.112151500000000431e-02
4.996180000000000065e-02
2.195638500000000534e-02
4.741652500000000103e-02
3.835925000000000445e-02
7.172143999999999742e-02
3.821699000000000623e-02
4.152094699999999555e-02
5.983866699999999816e-02
8.272163999999999906e-02
8.863343500000001041e-02
4.402379999999999488e-02
3.599074999999999497e-02
4.721534199999999348e-02
8.703922199999999942e-02
9.508262999999998744e-02
9.314079999999999582e-02
6.625461500000000281e-02
3.496102000000000237e-02
2.654474499999999806e-02
3.923432999999999782e-02
6.882396999999999820e-02
4.358903499999999820e-02
3.292816500000000229e-02
5.804419000000000939e-02
4.378348999999999436e-02
7.261192000000001034e-02
7.411347000000000074e-02
6.621689999999999521e-02
7.303310899999998496e-02
4.206065399999999593e-02
5.123919999999999864e-02
3.769330999999999376e-02
8.016694000000000597e-02
1.105412850000000030e-01
6.179244800000000676e-02
2.854043299999999700e-02
3.798632799999999282e-02
6.195272200000000173e-02
8.688270000000000715e-02
3.351180000000001519e-02
3.366974000000000355e-02
3.688323000000000296e-02
1.146724099999999885e-01
2.619904499999999858e-01
1.522675499999999738e-01
3.857510000000000105e-02
3.057315000000000726e-02
5.445849999999999996e-02
1.473169999999999862e-02
5.832994999999999847e-02
3.024454999999999852e-02
4.012613999999999764e-02
2.615472000000000630e-02
5.686863999999999808e-02
8.550642999999999438e-02
4.004275999999999669e-02
8.133526000000000644e-02
5.675054400000000693e-02
3.205013400000000789e-02
6.528538999999999870e-02
3.858535999999999216e-02
2.556650799999999890e-01
5.252944499999999683e-01
2.431539999999999258e-01
1.112355699999999503e-01
1.742928500000000269e-01
9.236458000000000168e-02
5.253430000000001293e-02
5.476295000000000468e-02
7.934497999999998163e-02
3.735333000000001791e-02
7.178314000000000916e-02
5.077593999999998470e-02
7.052660999999998959e-02
6.388811000000001183e-02
5.735117999999998772e-02
3.960276000000002156e-02
7.875687000000000659e-02
1.109653499999999904e-01
1.647670499999999705e-01
6.714159999999999573e-02
8.956324999999998315e-02
5.849514999999998882e-02
