FramewiseDisplacement
6.213584999999999248e-02
3.651135310000000467e-02
6.575350309999999920e-02
6.144900000000001056e-02
9.338570000000001592e-02
9.010902999999997887e-02
4.738463999999996401e-02
9.188149000000001010e-02
1.436988299999999441e-01
8.668607999999999869e-02
6.041681999999997527e-02
4.727196000000000176e-02
1.083041600000000382e-01
7.031475000000002307e-02
5.175149999999996420e-02
1.161163999999999807e-01
1.065405000000000102e-01
6.210900000000005305e-02
3.582629999999997067e-02
6.593051000000001161e-02
6.814971000000001611e-02
5.382974000000002174e-02
5.013626000000002969e-02
2.267218999999998791e-02
6.962329000000000434e-02
5.875545000000003543e-02
7.000529999999999253e-02
6.042664999999999148e-02
7.532189999999996943e-02
4.954549999999999926e-02
9.478500000000003589e-02
1.168647199999999914e-01
1.084346200000000093e-01
8.736380000000003310e-02
7.598888000000002252e-02
1.258064300000000524e-01
1.080524750000000367e-01
6.259786000000000517e-02
8.928671500000000261e-02
2.890115099999999715e-01
1.120508100000000007e-01
8.823217000000001253e-02
1.348461899999999769e-01
7.572275000000001921e-02
1.120029000000000025e-01
7.931260000000001087e-02
1.489910999999999874e-01
8.186816000000000926e-02
9.773555999999999910e-02
8.842949999999998034e-02
9.318889999999999119e-02
8.116197000000001383e-02
8.325392000000000903e-02
9.926389999999998826e-02
7.718754999999999367e-02
1.493454999999999921e-01
1.674844000000000332e-01
1.489783900000000161e-01
1.066380400000000173e-01
1.300689500000000165e-01
1.141381499999999799e-01
1.404063800000000251e-01
1.012274700000000000e-01
5.231504000000000015e-02
1.427633999999999848e-01
1.708455499999999294e-01
1.533601999999999743e-01
1.437309500000000517e-01
1.473667956000000168e-01
1.663391955999999894e-01
1.486239350000000126e-01
1.668162349999999794e-01
7.111348999999998755e-02
9.835531000000000135e-02
5.916488999999999082e-02
3.883029000000001035e-02
1.541810150000000046e-01
2.234769449999999824e-01
1.125797500000000062e-01
1.004336199999999873e-01
1.098421699999999890e-01
8.988884999999999237e-02
1.465901150000000208e-01
1.076390650000000060e-01
1.095096899999999929e-01
1.174145300000000169e-01
1.119420009000000049e-01
6.734489910000000801e-02
1.637311750000000066e-01
8.300741999999999843e-02
7.696712500000001123e-02
8.517174000000000966e-02
4.771105999999999958e-02
8.790151000000001602e-02
5.985184999999999811e-02
5.102861499999999245e-02
6.872557500000001096e-02
8.933494000000000157e-02
9.958153499999999880e-02
6.350863800000000614e-02
1.169137109999999896e-01
1.292590900000000209e-01
5.987960999999999978e-02
9.476513999999999771e-02
8.686752000000000362e-02
9.065362500000000157e-02
7.921415499999999443e-02
1.194318950000000101e-01
9.512195499999999415e-02
4.208103999999999317e-02
4.962700000000000444e-02
2.651943000000000702e-02
4.037968700000001132e-02
1.340363029999999955e-01
1.076757750000000013e-01
8.187570500000000695e-02
6.298280000000000545e-02
7.366647499999999515e-02
1.008218649999999827e-01
5.645514999999999561e-02
7.937294949999999794e-02
9.125041650000000060e-02
6.410008700000000004e-02
6.051423000000000219e-02
7.085758449999998709e-02
8.951858449999999801e-02
6.728398859999999704e-02
8.123458860000000448e-02
1.117474000000000106e-01
8.691912059999999662e-02
5.308403789999999872e-02
7.286045850000000268e-02
9.280181299999999689e-02
6.435384300000000779e-02
7.434417499999999845e-02
7.830365499999999979e-02
1.330337500000000062e-01
1.272454599999999769e-01
1.261459299999999895e-01
2.063283699999999832e-01
1.803448500000000287e-01
1.707570999999999950e-01
2.236066499999999624e-01
9.621285000000000254e-02
1.205960500000000241e-01
1.913093200000000049e-01
1.129373000000000044e-01
3.103363450000000689e-01
9.430690500000001031e-02
9.704965000000001507e-02
1.178507999999999917e-01
1.622975450000000153e-01
5.796106500000000605e-02
2.085728399999999816e-01
5.886760000000001297e-02
4.238874999999999588e-02
1.203740899999999892e-01
9.125169000000001029e-02
4.076509999999999856e-02
8.414250000000000895e-02
1.071610500000000077e-01
1.360412500000000025e-01
1.302238400000000074e-01
9.179372500000000656e-02
8.386726499999999640e-02
8.783647999999999456e-02
3.783554999999999557e-02
5.699809999999999599e-02
7.873200000000001031e-02
4.443019999999999609e-02
8.054544999999999066e-02
1.257974999999999788e-01
1.143931949999999892e-01
5.293639500000001108e-02
1.471820500000000087e-01
1.841695299999999980e-01
1.338388799999999934e-01
1.189059400000000155e-01
8.797699000000000491e-02
8.778249999999999942e-02
8.752145000000001451e-02
8.415804999999999814e-02
4.579330000000001594e-02
3.311140000000001304e-02
1.319566500000000087e-01
1.564960999999999713e-01
1.190218474999999859e-01
1.210464975000000165e-01
1.213371999999999923e-01
1.386278499999999969e-01
1.942064999999996988e-02
9.339129999999998266e-02
6.998689999999999078e-02
7.216255000000001973e-02
1.549879999999999869e-01
1.368908999999999820e-01
6.366255000000001218e-02
6.144863999999999882e-02
6.835874000000001505e-02
