FramewiseDisplacement
2.341919999999996990e-02
3.825129999999998809e-02
4.387280000000003122e-02
1.573222499999999413e-01
1.593814999999999260e-01
6.565999999999994063e-02
7.768379999999998342e-02
4.676599999999997426e-02
7.246399999999997288e-02
1.063225999999999338e-01
4.619449999999999251e-02
6.251699999999998925e-02
4.920719999999997873e-02
5.972569999999999962e-02
6.096350000000000380e-02
3.366410000000003011e-02
4.205960000000002336e-02
5.011809999999998488e-02
8.952059999999997797e-02
1.098553000000000029e-01
4.905979999999993818e-02
6.161449999999996791e-02
3.760899999999999660e-02
7.244809999999997363e-02
4.822799999999999310e-02
6.418910000000002669e-02
1.332055000000000045e-01
1.068093000000000098e-01
7.162129999999998498e-02
5.965739999999998544e-02
1.532434999999999770e-01
8.707340000000002300e-02
6.804980000000004914e-02
7.384120000000000961e-02
7.897600000000001841e-02
7.197949999999994630e-02
4.703190000000000148e-02
3.082330000000000486e-02
5.517899999999996419e-02
7.921059999999996437e-02
5.223919999999998565e-02
5.986059999999998604e-02
5.362549999999999262e-02
5.971670000000002532e-02
6.796445000000000958e-02
3.839210000000001927e-02
9.061050000000001048e-02
3.920180000000002968e-02
8.073444999999997151e-02
1.263802499999999995e-01
1.464789999999999703e-01
7.820760000000001599e-02
8.207734999999997949e-02
5.205775000000002761e-02
7.871044999999997349e-02
4.442749999999996702e-02
6.237330000000003427e-02
6.649699999999999708e-03
5.740380000000001870e-02
1.230160000000000801e-02
6.342459999999999765e-02
5.152579999999999660e-02
6.623122889999999430e-02
1.533173288999999939e-01
7.887644999999997297e-02
1.216504500000000072e-01
4.146015000000000117e-02
8.730707500000001176e-02
2.460132500000000028e-02
4.607209999999999778e-02
6.173159999999999759e-02
5.521450500000000400e-02
7.178725499999999426e-02
3.216451599999999716e-02
1.361101060000000085e-01
6.039830999999998978e-02
4.549901000000001333e-02
4.795195000000000013e-02
6.940203999999998430e-02
5.198133999999999394e-02
4.415920000000001649e-02
3.239156000000000674e-02
8.091935000000000100e-02
4.194724999999999843e-02
8.009220000000000228e-02
9.764269999999999894e-02
9.244571999999998124e-02
2.069794000000000148e-02
1.860532000000000158e-02
2.607435500000000045e-02
3.515601499999999879e-02
3.440133000000000080e-02
4.071882000000000279e-02
8.344056749999999301e-02
4.490760249999999759e-02
3.962723500000000371e-02
7.141510300000000755e-02
6.527295199999999520e-02
2.980423000000000100e-02
2.282248799999999841e-02
7.517871199999999476e-02
4.837349000000000510e-02
5.444569999999999965e-02
4.241088999999999970e-02
2.963689000000000254e-02
4.062414000000000303e-02
5.933560999999999697e-02
7.088788999999999507e-02
3.978995999999999922e-02
4.436667000000001082e-02
9.286385499999999515e-02
2.483432499999999390e-02
4.318662000000000889e-02
2.509129999999999000e-02
5.169718099999999483e-02
4.744703099999999368e-02
5.780588000000000393e-02
4.467243000000000602e-02
5.813440499999998623e-02
3.786732850000000261e-01
2.517919700000000316e-01
9.631355000000001165e-02
8.108281999999999989e-02
2.914354000000000250e-02
7.017692999999999848e-02
3.389981000000000244e-02
3.787494000000000277e-02
2.335314899999999319e-02
5.817830100000000171e-02
5.883055500000000659e-02
4.512131500000000212e-02
5.938582000000000582e-02
6.487848999999999700e-02
5.296275000000000288e-02
2.508330999999999755e-02
3.244165000000000243e-02
1.076518499999999934e-01
1.717140699999999964e-01
1.326576899999999948e-01
4.766771000000002284e-02
6.918934999999998281e-02
7.261150500000000674e-02
3.954925500000000538e-02
7.278863499999999043e-02
4.495573499999999667e-02
5.105600000000000416e-02
1.645327499999998944e-02
3.496952500000001518e-02
3.589210000000001011e-02
9.953604999999998704e-02
5.073262999999997303e-02
9.261197999999999653e-02
2.305845000000000811e-02
4.774300000000000765e-02
3.350775000000000281e-02
5.238440000000001845e-02
9.638000000000000733e-02
1.483674999999999855e-01
1.465201500000000157e-01
6.231095000000000383e-02
8.302649999999998920e-02
5.624624999999999070e-02
2.906324999999999881e-02
5.555884999999999990e-02
7.196314999999998963e-02
7.005644999999999234e-02
4.540863000000000538e-02
4.909002999999999284e-02
5.673515000000000502e-02
5.692994999999997918e-02
3.400175000000002501e-02
7.874851000000000767e-02
7.832866000000000828e-02
5.065759999999999708e-02
4.321010000000001516e-02
6.374019999999999686e-02
4.070250999999996955e-02
4.686830999999998248e-02
2.384005999999997891e-02
8.370151000000000674e-02
2.865450999999999970e-01
2.369924000000000197e-01
5.573615999999999293e-02
5.551280999999999577e-02
1.001423200000000208e-01
6.745160499999998394e-02
7.222971500000001377e-02
7.557569000000000092e-02
5.845189999999998720e-02
4.506255999999998763e-02
6.858893000000002016e-02
5.728284000000000847e-02
6.239475500000001007e-02
7.532063500000001077e-02
2.861246999999999055e-02
7.711534999999999918e-02
2.748174999999999576e-02
1.417670000000000041e-01
1.666107500000000019e-01
