FramewiseDisplacement
9.883080000000001031e-02
1.024398999999999865e-01
2.538977500000000331e-01
1.910017000000000242e-01
5.453920000000002377e-02
9.739149999999996421e-02
1.181019999999999709e-01
1.093596500000000166e-01
9.040990000000001525e-02
1.186449999999999866e-01
1.363475499999999840e-01
1.538676999999999961e-01
1.457390999999999825e-01
5.032749999999999030e-02
2.113052499999999723e-01
1.994001999999999997e-01
1.425175000000000192e-01
1.380724200000000013e-01
8.219493999999996636e-02
1.089138600000000429e-01
1.190070000000000155e-01
1.556592999999999727e-01
9.049644999999995054e-02
6.466710000000004677e-02
1.373960000000000181e-01
2.029883299999999946e-01
1.216854899999999517e-01
8.271049399999999552e-02
1.147734039999999955e-01
1.291769499999999571e-01
1.069014599999999898e-01
5.981896999999997133e-02
4.594227000000001421e-02
4.628349999999993580e-02
8.760260999999999743e-02
9.481377859999999547e-02
4.352593859999998732e-02
7.943854999999996891e-02
1.314539009999999564e-01
1.371916010000000241e-01
1.210833800000000182e-01
1.778363509999999481e-01
1.934881609999999641e-01
1.414656900000000050e-01
7.112511000000001915e-02
1.031328600000000068e-01
1.674289550000000182e-01
8.339271000000003653e-02
1.435542750000000090e-01
2.156762099999999793e-01
8.751759999999997319e-02
2.173792999999999975e-01
7.125852000000001962e-02
8.388489000000001750e-02
1.396476999999999857e-01
5.515641999999999073e-02
1.345133099999999970e-01
7.973331999999999642e-02
8.676268500000001993e-02
9.288931100000001606e-02
1.279096399999999911e-01
1.729363429999999924e-01
8.200197399999999137e-02
3.579388999999998794e-02
3.636605000000001087e-02
1.204264954999999943e-01
1.247222954999999966e-01
1.157680660000000167e-01
1.300623810000000047e-01
1.514185150000000313e-01
1.501376450000000140e-01
1.066790550000000087e-01
3.790609500000000076e-02
6.937028499999998987e-02
5.687948999999999783e-02
7.797371999999999637e-02
3.347193000000000390e-02
5.973565599999998421e-02
3.920812449999999671e-02
4.998247634999999911e-02
4.907558884999999732e-02
8.756230500000000694e-02
8.738056499999999338e-02
7.643953000000000553e-02
1.080544499999999963e-01
1.043077999999999922e-01
8.993843999999999450e-02
1.024372550000000048e-01
7.459672000000000525e-02
6.693038949999999265e-02
8.360801949999999150e-02
7.002145429999999393e-02
5.404762069999998614e-02
6.725976099999998736e-02
5.650153599999999804e-02
3.129075000000000606e-02
5.754784500000000025e-02
1.043754449999999973e-01
9.461428099999999453e-02
5.243754600000000154e-02
6.037240299999999116e-02
7.351203200000000493e-02
1.056540800000000113e-01
8.747576499999999700e-02
7.022670000000000301e-02
8.456651499999999488e-02
1.226980849999999984e-01
1.235374999999999945e-01
5.957180500000000545e-02
2.220633799999999769e-01
1.640792500000000098e-01
6.522510000000000807e-02
1.238061000000000023e-01
6.760631500000000016e-02
7.297451000000000632e-02
9.040104500000001320e-02
6.810447999999999502e-02
4.380519000000000773e-02
6.510304999999999565e-02
1.025630100000000100e-01
9.659842499999998777e-02
9.608579499999998774e-02
1.229166500000000023e-01
1.482498500000000163e-01
9.141860000000000264e-02
9.912880000000000302e-02
8.503780999999999146e-02
6.746395000000000863e-02
7.379815499999999029e-02
6.695025500000001406e-02
6.911243999999999721e-02
1.057090109999999777e-01
1.043193330000000002e-01
1.013235019999999958e-01
1.019988014999999998e-01
7.655735150000000933e-02
9.277016499999997390e-02
8.892948499999998868e-02
7.153180999999998735e-02
9.715907000000000016e-02
7.656365500000000823e-02
4.711439000000000599e-02
4.887360000000001703e-02
8.086440000000000294e-02
1.004767899999999964e-01
6.548473999999999962e-02
7.737951999999999331e-02
9.910139499999999491e-02
1.349755185000000024e-01
7.276199999999997947e-02
6.652727850000000887e-02
1.505649950000000070e-01
8.274679500000002574e-02
4.248294000000000376e-02
1.791100000000001718e-02
3.300820000000000143e-02
5.669694000000000816e-02
8.187996999999999637e-02
5.559350999999999182e-02
5.460909999999997988e-02
5.217038999999999704e-02
4.289435000000000470e-02
5.867366999999998334e-02
5.991185500000000691e-02
5.171615499999999283e-02
7.535676000000000874e-02
6.129320000000001295e-02
7.635009999999999020e-02
7.138961499999997573e-02
4.231441499999999412e-02
6.178679000000000809e-02
6.732181999999997668e-02
7.899470499999999840e-02
1.047968550000000082e-01
5.672205000000001690e-02
4.220339500000001853e-02
5.779610000000000303e-02
7.565804999999999059e-02
8.527109499999997733e-02
1.062207600000000113e-01
4.916573150000000392e-02
4.718028149999999032e-02
2.996359000000000175e-02
3.367704999999998616e-02
1.644655000000000075e-02
4.890455000000002578e-02
6.381755000000001454e-02
9.225769999999997029e-02
1.126381499999999924e-01
1.366214999999999791e-01
9.945131000000000110e-02
1.208933100000000038e-01
8.161015000000000630e-02
1.001592499999999775e-01
1.017505499999999535e-01
9.823214999999997643e-02
9.797369999999999690e-02
1.046500500000000222e-01
5.341515000000000846e-02
