FramewiseDisplacement
6.895909999999998152e-02
3.809949999999998754e-02
3.558660000000001683e-02
5.555929999999999203e-02
5.146909999999998986e-02
1.057905999999999846e-01
9.835190000000001986e-02
5.999810000000003335e-02
3.417780000000000817e-02
1.096215000000000106e-01
2.220263499999999834e-01
1.978420499999999915e-01
5.865520000000001843e-02
1.031069999999999903e-01
6.810605000000001519e-02
4.280365000000001252e-02
3.186739999999999712e-02
1.174840999999999802e-01
1.931826999999999850e-01
9.541209999999998581e-02
1.498829000000000133e-01
8.264500000000001012e-02
8.143709999999999838e-02
3.329760000000001052e-02
8.951175000000000104e-02
2.033515000000000669e-02
3.122790000000000288e-02
9.097165000000001500e-02
1.403161500000000284e-01
9.766484999999998362e-02
6.453584999999999183e-02
3.646525000000000460e-02
5.336869999999999808e-02
6.106369999999999854e-02
3.539255000000000873e-02
6.913925000000001320e-02
6.130820000000000713e-02
4.750699999999999368e-02
6.787356999999999418e-02
7.492352000000000734e-02
7.690692500000001486e-02
1.490555749999999957e-01
1.743441500000000033e-01
1.172897000000000106e-01
9.964755500000001265e-02
6.786810499999998414e-02
3.456594999999999807e-02
4.376695500000001016e-02
3.639948499999999532e-02
4.880962999999999274e-02
2.683062500000000378e-02
2.081461499999999812e-02
6.775022000000001376e-02
5.910219500000000320e-02
3.890754499999999477e-02
9.668448999999999793e-02
5.246169999999998612e-02
4.787675000000000958e-02
8.956224999999999603e-02
9.096604999999999275e-02
2.434769999999998949e-02
3.418045000000000111e-02
5.879610000000000392e-02
8.284199999999998509e-02
6.110734699999999242e-02
4.078017300000000983e-02
4.568510999999999406e-02
6.989607499999998808e-02
4.649875499999999579e-02
4.150147000000001252e-02
3.513035000000000463e-02
7.476763000000001547e-02
5.094633999999999274e-02
8.499737000000000264e-02
1.062437000000000242e-01
5.623967000000001243e-02
5.733800999999998788e-02
7.393731999999998694e-02
9.836724499999999205e-02
3.727793699999999710e-02
9.262442200000001180e-02
4.551287999999999861e-02
2.458851000000000439e-02
5.783480000000000565e-02
1.060379799999999900e-01
6.487400000000000111e-02
4.640336300000000302e-02
5.240518300000000795e-02
4.637683499999999126e-02
5.066413500000000597e-02
7.253442000000000223e-02
1.083915899999999960e-01
8.488255000000000106e-02
8.076622649999999626e-02
6.299135649999999809e-02
2.276734499999999786e-02
2.434827499999999909e-02
5.430777499999999564e-02
5.734690499999999663e-02
5.007313400000000525e-02
5.561427600000000415e-02
7.143233999999999695e-02
2.633380000000000096e-02
1.033728000000000598e-02
7.043577000000000865e-02
7.602011000000000185e-02
3.782107000000001218e-02
3.476405000000000467e-02
4.596538000000000013e-02
6.375368000000000701e-02
6.202811000000000435e-02
4.974412999999998364e-02
4.861258999999999719e-02
1.156302200000000058e-01
2.635334999999999761e-02
2.365185000000000551e-02
5.431240000000001067e-02
5.052709700000000692e-02
6.598249700000001494e-02
2.922895000000000701e-02
2.920475500000000585e-02
4.697893499999999251e-02
6.682188499999999753e-02
4.985350000000000198e-02
5.704126499999999378e-02
3.426986499999999658e-02
7.429865999999998860e-02
9.729309399999999663e-02
8.724109899999997475e-02
8.260860500000000162e-02
1.312488450000000306e-01
4.834224999999997552e-02
1.331422999999999912e-01
8.597174999999999956e-02
6.064045000000002628e-02
7.472595499999999669e-02
3.394523499999999028e-02
1.762816399999999895e-01
5.855890000000001788e-02
9.649869999999996506e-02
4.484944999999997822e-02
5.503734999999997796e-02
5.765295000000001530e-02
9.058869999999999423e-02
9.165370000000000461e-02
5.520729999999998694e-02
3.173420000000001101e-02
5.976129999999997555e-02
3.082564999999999958e-02
3.007844999999997535e-02
6.481135000000000368e-02
5.996679999999998678e-02
4.423829999999998042e-02
6.242024999999997575e-02
4.913974999999999593e-02
8.688930000000003040e-02
7.149044999999998318e-02
9.828139999999994936e-02
8.687889999999999502e-02
6.322184999999999611e-02
4.871084999999999304e-02
1.812294999999999878e-02
5.631819999999997106e-02
8.025060000000000526e-02
8.910740000000001715e-02
4.433530000000001497e-02
4.608379999999996646e-02
5.371314999999998036e-02
7.996259999999996704e-02
6.800370000000000026e-02
1.176344000000000001e-01
1.104606999999999950e-01
3.441059999999999258e-02
1.740685999999999900e-01
8.278150000000000786e-02
1.411806000000000449e-01
2.335035000000001276e-02
5.857469999999999344e-02
6.255865000000000731e-02
5.653070000000001011e-02
3.737789999999999169e-02
7.382469999999999311e-02
9.726564999999996741e-02
5.655629999999997604e-02
4.012820000000001663e-02
6.911599999999999688e-02
5.128000000000002001e-02
5.296729999999998800e-02
4.576764999999997918e-02
3.891804999999997489e-02
1.354758499999999810e-01
7.777625000000001898e-02
1.110457500000000125e-01
3.339340000000000086e-01
1.420205999999999691e-01
2.064025999999999916e-01
3.371239999999996184e-02
1.024856000000000378e-01
7.595730999999998623e-02
