FramewiseDisplacement
6.651104999999998824e-02
3.580209999999998949e-02
3.518280000000001406e-02
5.491025000000000073e-02
4.250675000000001674e-02
7.230520000000001390e-02
5.485315000000000329e-02
8.111009000000002356e-02
2.503997000000001555e-02
7.978781000000000068e-02
7.575960000000001027e-02
5.368600000000001149e-02
9.443666000000000560e-02
3.656625000000002235e-02
4.661534000000000511e-02
7.617865000000004216e-02
7.730717000000000838e-02
8.943402000000003071e-02
8.245257000000000280e-02
3.591952999999999813e-02
3.699065999999999466e-02
4.309686000000000072e-02
4.150036000000000003e-02
2.133645000000000680e-02
2.407032000000000269e-02
1.867409999999999903e-02
4.889241000000001114e-02
2.048989999999998105e-02
3.364119999999997529e-02
5.163544999999999940e-02
4.030482000000000509e-02
5.195032999999998902e-02
6.939385999999998778e-02
4.699243999999999644e-02
4.044334000000000123e-02
6.046060300000000165e-02
5.735005299999999112e-02
3.978661189999999070e-02
4.623658190000000390e-02
5.648622999999999839e-02
2.496074999999999683e-02
3.347408999999999801e-02
4.785469999999999308e-02
5.386099000000000442e-02
3.079120700000000377e-01
1.110850899999999974e-01
7.700786000000002518e-02
2.746352499999999974e-01
8.238950000000001828e-02
5.241269999999999263e-02
5.711879999999999041e-02
6.932230000000000336e-02
4.104595000000000465e-02
9.199004999999998988e-02
7.881709999999997329e-02
6.067309999999998676e-02
4.507185000000001746e-02
5.502850000000000102e-02
8.307110000000000882e-02
4.944260000000001709e-02
7.006835000000001534e-02
5.442950000000001259e-02
4.570910000000000944e-02
5.595280000000000392e-02
3.494564999999999477e-02
6.947110000000000785e-02
6.281729999999999259e-02
5.248549999999999743e-02
5.149905000000001148e-02
6.775989999999999791e-02
6.754199999999999093e-02
7.349295000000000133e-02
6.178710000000000452e-02
2.719584999999999017e-02
9.227420000000001454e-02
4.060550000000000270e-02
6.917934999999998669e-02
4.648976999999999277e-02
4.897753999999999996e-02
4.422851999999999340e-02
4.744594999999998675e-02
7.761234999999999662e-02
6.456814999999999083e-02
5.848145000000000426e-02
1.024659999999999460e-02
4.393274999999999958e-02
5.510135000000000727e-02
4.995210000000000622e-02
3.696241999999999583e-02
3.532972000000000196e-02
4.382887500000000325e-02
5.760331499999999522e-02
6.064890000000000558e-02
5.728953000000000517e-02
2.629310499999999717e-02
3.854507499999999809e-02
5.385439000000000198e-02
5.303658999999999457e-02
6.276568500000000161e-02
4.814256549999999107e-02
7.470145250000000126e-02
5.640176049999999497e-02
3.827987999999999530e-02
3.917812100000000325e-02
7.102428099999999467e-02
4.653600050000000071e-02
3.331550049999999763e-02
5.465536149999999926e-02
6.583518099999999262e-02
7.068086499999999550e-02
4.886116499999999807e-02
4.090843499999999994e-02
4.991243400000000552e-02
2.984704399999999966e-02
4.956727500000000092e-02
4.302467499999999834e-02
3.170289500000000177e-02
2.043825700000000134e-02
2.915647299999999872e-02
5.265087949999999739e-02
1.720559450000000434e-02
4.809444500000000650e-02
2.314603900000000020e-02
5.132444099999999843e-02
3.626982499999999859e-02
4.510313500000000253e-02
3.301785100000000084e-02
1.928735999999999992e-02
5.772650099999999951e-02
3.744341999999999115e-02
4.909753000000000034e-02
3.639934999999999699e-02
6.341581899999999827e-02
5.124558999999999365e-02
5.003247900000000470e-02
1.995559499999999958e-02
5.231873500000000510e-02
4.189299000000001189e-02
1.962553400000001391e-02
2.184993900000000225e-02
3.259540999999999827e-02
5.480395500000000836e-02
4.846313000000000704e-02
3.952164500000000108e-02
4.928719499999999892e-02
5.764699999999999686e-02
5.444555000000000228e-02
4.467280499999999599e-02
3.793512500000000010e-02
4.774027000000000132e-02
5.284264499999999365e-02
5.098643499999998968e-02
2.908425999999999720e-02
4.300984900000000277e-02
6.838802000000002157e-02
9.457656400000000185e-02
3.509081399999999795e-02
6.599010900000000512e-02
3.614517899999999256e-02
5.809678899999999591e-02
3.743711000000000261e-02
5.147766900000001061e-02
4.048126900000000722e-02
5.580892000000000491e-02
9.792959999999996390e-03
5.115058899999999631e-02
4.811525449999999593e-02
4.773693549999999397e-02
4.878124999999999822e-02
5.857779499999999501e-02
6.700040499999998511e-02
1.701399999999999788e-02
4.271747500000001169e-02
2.919417500000000970e-02
4.978220000000001255e-02
2.403390000000000387e-02
2.739624100000000173e-02
3.529644100000000478e-02
2.815565999999999902e-02
3.998493999999999660e-02
3.243845099999999315e-02
1.383360100000000092e-01
1.705586300000000166e-01
1.331414809999999782e-01
1.280303810000000264e-01
1.621680000000000066e-01
9.006249999999998979e-02
3.003895000000000176e-02
3.859525000000000455e-02
4.334324999999999983e-02
2.610940000000000136e-02
5.094655000000000017e-02
5.248660000000000825e-02
5.123041000000000400e-02
4.565850999999999937e-02
7.223855000000001247e-02
7.362924999999999331e-02
9.446115000000000761e-02
5.435540000000000510e-02
