FramewiseDisplacement
7.135354999999997672e-01
6.710123500000001462e-01
3.695024499999999823e-01
9.179879999999997209e-02
4.578770000000002144e-02
5.399619999999996645e-02
7.803210000000002089e-02
1.119002999999999526e-01
6.150609999999999689e-01
4.038073500000000648e-01
1.904709499999999445e-01
1.246944499999999845e-01
4.287829999999995256e-02
4.829964999999996483e-02
3.201080800000000171e-01
1.091542699999999561e-01
1.653505000000000114e-01
9.720680000000000986e-02
1.245704000000000256e-01
7.647564999999999225e-02
4.474204999999998461e-02
9.978302000000002780e-02
3.455394199999999860e-01
2.034794500000000339e-01
1.559687999999999908e-01
3.928424999999997197e-02
6.686017000000002430e-02
5.902158999999995714e-02
7.125745999999999469e-02
1.585826000000000457e-01
1.881805000000000283e-01
3.935990000000005873e-02
7.893879999999994790e-02
8.548624999999995810e-02
5.150019999999996129e-02
1.166952999999999463e-01
5.607780000000005260e-02
9.074361000000001620e-02
8.486341699999999655e-01
5.432161399999999585e-01
1.529326099999999966e-01
1.581657100000000149e-01
8.701290000000001801e-02
6.613729999999998221e-02
6.493777999999997275e-02
8.031518000000001378e-02
5.682635000000003933e-02
6.569365000000002008e-02
6.984054999999993185e-02
6.808135000000004045e-02
4.319724999999993015e-02
9.412933000000001105e-02
1.197817300000000584e-01
4.005174999999998320e-02
3.241149999999998199e-02
4.689850000000000962e-02
6.174497000000001012e-01
4.330098140000000484e-01
1.466822739999999736e-01
7.594744000000001882e-02
9.224544999999999273e-02
9.028364999999997920e-02
4.451810000000001183e-02
5.294345000000000995e-02
5.940474999999999228e-02
4.617120000000002333e-02
6.176980000000000665e-02
6.542219999999995816e-02
3.535180000000001654e-02
3.395650000000000751e-02
3.582545000000001562e-02
2.911224999999999924e-02
6.194302000000001529e-02
6.706622000000000972e-02
1.024512700000000054e+00
5.204286499999999371e-01
2.569728500000000304e-01
7.679959999999996789e-02
3.043652999999999498e-01
1.519050100000000070e-01
4.788716099999999753e-02
6.357974399999997972e-02
5.624711500000001418e-02
2.489090500000000136e-02
5.276659500000000641e-02
3.663995150000000367e-02
7.385640149999998794e-02
5.950970499999999608e-02
6.241004999999998776e-02
1.833306999999999298e-02
1.625410500000001174e-02
2.626757500000000481e-02
2.313859999999999528e-02
8.748563499999999216e-02
4.722402699999999481e-02
5.985835700000000786e-02
2.906208000000000055e-02
2.416436999999999752e-02
6.432301399999998393e-02
1.578949899999999851e-02
7.485529999999999962e-02
5.755066500000000085e-02
6.704572599999999993e-02
2.424281999999999826e-02
6.116565600000000574e-02
1.081514169999999941e+00
5.084512399999999710e-01
1.448776900000000312e-01
1.419145100000000215e-01
4.099604000000000442e-02
8.941051500000000984e-02
1.357364950000000126e-01
2.652034999999998421e-02
4.184009499999998688e-02
4.705732500000001095e-02
2.678699999999999484e-02
2.735708500000000321e-02
5.205323949999999394e-02
6.309045049999999211e-02
9.415366499999999750e-02
1.024046349999999939e-01
3.143428499999999237e-02
3.102112499999999662e-02
8.376998500000000514e-02
5.825136999999999676e-02
2.858607500000000246e-02
4.796255089999999777e-02
4.964699409999998730e-02
7.798467999999998679e-02
5.884612499999999913e-02
4.413770499999999930e-02
5.888702999999999993e-02
1.617623299999999764e+00
1.080318050000000030e+00
1.407789199999999741e-01
4.405544000000001514e-02
4.554184999999999484e-02
9.437849999999997630e-02
6.140998999999999070e-02
7.175594000000000416e-02
2.504250000000000226e-02
3.536582950000000114e-02
1.534867950000000023e-02
3.270924000000000054e-02
3.996523999999998522e-02
2.879765000000000449e-02
4.512817199999998724e-02
4.698957199999999335e-02
6.343902000000001262e-02
2.776010000000000283e-02
5.088223000000000745e-02
6.575249999999999151e-02
5.184121499999998911e-02
9.613556500000000615e-02
1.023413300000000081e-01
8.059184600000000032e-01
3.814903599999999728e-01
1.684649744999999754e-01
1.748788745000000033e-01
1.010521310000000034e-01
3.967203100000000343e-02
4.418120000000000380e-02
4.002078100000000527e-02
6.607755099999999826e-02
4.225517799999999047e-02
2.988425299999998910e-02
7.032322000000000572e-02
8.086255050000001887e-02
4.481015049999999278e-02
7.138560049999999324e-02
2.104153000000000273e-02
1.442127049999999619e-02
4.220613099999999396e-02
4.264776499999999720e-02
9.297690499999998470e-02
1.457491100000000150e-01
1.388431649999999906e-01
3.530861500000000153e-02
6.493572000000000233e-02
5.342979000000000478e-02
4.340258000000000310e-02
3.467439000000000632e-02
1.046312900000000504e-02
5.438697400000001153e-02
3.097172999999999246e-02
7.431680000000001618e-02
2.836017999999999178e-02
3.479413999999998730e-02
1.493237999999998816e-02
4.286390500000000769e-02
7.217503000000001501e-02
3.896561000000001163e-02
4.549005999999998495e-02
4.411444999999999950e-02
4.081250000000001543e-02
8.009060499999999250e-01
1.589865399999999818e-01
2.985806599999999977e-01
1.539483949999999879e-01
7.460149499999997602e-02
8.069934000000000829e-02
6.451940999999998538e-02
6.909163499999999847e-02
2.376965500000001452e-02
6.244964999999999544e-02
4.382585000000001341e-02
5.859240000000000281e-02
3.738315000000001082e-02
6.048869999999999941e-02
1.071030499999999913e-01
7.472274000000000971e-02
9.211336999999997222e-02
5.542448000000001207e-02
7.297865999999998687e-02
5.385573000000001137e-02
4.699791500000000122e-02
4.909374500000000113e-02
3.988091500000000289e-02
3.571416499999999911e-02
3.992094999999998978e-02
2.088353500000002597e-02
1.632833499999999938e-02
1.018329999999999583e-02
2.131513050000002213e-02
2.560993049999998189e-02
4.312719999999998360e-02
2.588350000000001760e-02
2.328755500000000492e-02
4.701860499999999804e-02
2.519533499999999579e-02
2.040637999999996705e-02
2.132356000000001570e-02
4.884266499999999345e-02
6.163854999999998641e-02
2.617499999999999341e-02
6.108761499999999789e-02
3.438762500000000499e-02
5.102617500000000694e-02
3.578788499999994294e-02
