FramewiseDisplacement
4.991974999999999607e-01
1.087890000000000246e-01
3.538999999999999091e-02
7.022849999999994375e-02
6.825650000000005324e-02
3.120200000000013241e-02
4.663849999999993695e-02
2.723100000000004337e-02
8.942550000000006050e-02
4.312250000000004968e-02
6.562870000000003978e-02
2.109170000000002571e-02
4.925150000000001749e-02
2.923289999999999569e-02
1.201009999999995762e-02
5.755290000000001099e-02
2.249480000000001964e-02
2.791989999999997321e-02
2.464609999999993126e-02
4.125490000000003876e-02
3.732120000000004739e-02
3.484430000000001554e-02
3.405930000000001456e-02
2.718040000000000386e-02
6.189740000000000519e-02
7.105429999999998691e-02
5.786139999999993788e-02
4.151130000000000098e-02
5.990540000000003223e-02
5.716139999999994559e-02
3.049859999999998683e-02
4.354460000000000275e-02
4.708379999999996041e-02
3.152629999999995852e-02
2.067820000000002156e-02
1.692070000000002114e-02
4.104579999999999340e-02
5.491680000000001560e-02
1.577080000000000842e-02
4.548180000000000278e-02
5.626929999999998044e-02
4.890630000000004834e-02
3.875838000000000894e-02
4.584868000000003052e-02
4.193769999999999443e-02
1.221838999999999703e-01
7.383939999999999948e-02
9.533710000000002183e-02
6.463359999999999939e-02
2.063169999999999588e-02
4.139109999999999318e-02
3.553839999999994920e-02
3.969339999999998980e-02
3.868604999999999960e-02
2.148770000000001928e-02
3.212664999999996496e-02
3.714820000000006173e-02
5.390515000000003359e-02
3.952674999999999245e-02
4.307134999999999436e-02
4.262774999999997122e-02
3.081119999999999692e-02
8.562090000000004142e-02
3.789810999999997793e-02
2.040810999999998626e-02
3.905550000000000688e-02
5.891945000000001209e-02
5.726455000000001128e-02
6.770057000000004321e-02
4.595494999999999441e-02
6.133136999999998923e-02
4.551565000000000472e-02
6.041689999999998867e-02
4.999144999999999284e-02
1.167621899999999879e-01
1.948719999999998578e-02
2.810121999999998926e-02
2.409612000000000906e-02
4.848299999999999832e-02
6.317236500000000810e-02
3.306443500000000313e-02
2.609670000000000739e-02
6.154198999999999087e-02
3.979633999999999949e-02
3.161565000000002984e-02
6.863630999999999205e-02
3.620655999999998487e-02
4.133970000000000700e-02
5.063569999999999877e-02
9.418690550000000106e-02
4.464523450000001253e-02
8.038138999999999701e-02
2.770482000000000500e-02
5.661864500000000217e-02
3.750086500000000128e-02
2.424370999999999818e-02
2.398880000000000109e-02
1.214080000000000367e-02
7.528806100000000334e-02
2.725035749999999909e-02
1.228893850000000940e-02
7.027399000000000839e-02
6.153603500000000281e-02
7.402659600000000006e-02
5.030254899999998808e-02
4.638737000000001109e-02
6.198229000000000238e-02
5.548007300000000475e-02
4.088890800000000159e-02
5.391086500000000226e-02
6.484564500000000731e-02
3.789243500000000209e-02
5.167282000000000125e-02
4.896459000000000228e-02
4.550586999999999688e-02
9.820440700000000744e-02
6.580917699999999648e-02
7.828299650000000720e-02
8.030411099999999747e-02
4.583301399999999831e-02
5.138216849999999863e-02
5.208096900000000473e-02
1.014541465000000087e-01
2.643981000000000109e-02
4.978280000000000205e-02
9.185445050000000389e-02
3.651717300000000693e-02
6.611522000000000232e-02
6.164496000000001252e-02
4.098679999999998297e-02
4.266715000000000091e-02
5.148615000000002218e-02
2.788420999999999955e-02
8.369689500000000726e-02
6.288892899999999619e-02
2.903744599999999454e-02
3.579359000000000013e-02
7.572144999999999571e-02
2.434837999999998892e-02
5.621625000000001621e-02
6.873106000000001048e-02
4.286630000000000301e-02
4.500695000000001778e-02
9.017474999999999796e-02
3.807298000000004096e-02
3.156628000000002293e-02
6.158815000000001511e-02
6.240990000000003896e-02
1.175039999999999696e-01
6.803805000000000269e-02
6.959349999999997483e-02
6.550090000000000079e-02
7.926487000000001504e-02
2.399096999999993790e-02
4.117660000000007009e-02
2.239899999999999877e-02
3.101929999999997190e-02
5.017140299999998942e-02
1.986162699999995465e-02
4.664470000000002503e-02
5.072904999999997694e-02
5.669326000000000920e-02
2.923456999999995629e-02
3.728744400000002374e-02
2.188846400000000678e-02
4.963126999999997735e-02
2.904259999999993236e-02
2.051569999999992844e-02
2.787340000000002038e-02
3.846900000000003789e-02
2.585570000000003005e-02
3.338219000000001296e-02
2.884311000000004677e-02
3.373208999999997848e-02
2.773491000000001191e-02
5.913949999999996987e-02
5.280791999999994574e-02
2.775637999999999370e-02
3.116372999999999366e-02
7.189703000000000066e-02
5.664730000000001847e-02
4.067899999999997906e-02
5.016819999999997531e-02
4.953450000000002296e-02
7.697897000000002155e-02
6.032547000000005460e-02
5.398249999999989862e-02
7.099070000000005931e-02
4.363969999999999655e-02
5.101892999999996237e-02
2.102992999999996060e-02
2.708240000000005157e-02
3.003451000000005935e-02
5.638554000000002564e-02
6.397914999999997077e-02
5.130010000000005677e-02
7.579250000000001264e-02
8.271310000000009488e-02
4.839040000000006947e-02
2.747949999999995188e-02
2.411790000000007747e-02
6.347019999999999051e-02
7.872489999999998656e-02
7.523860000000000270e-02
6.550780000000008818e-02
8.517540000000003997e-02
4.787579999999992675e-02
4.460780000000002382e-02
5.256759999999996436e-02
4.469779999999996117e-02
5.484150000000008462e-02
3.132389999999993929e-02
1.911850000000004865e-02
2.012790000000003188e-02
3.451790000000000413e-02
5.142869999999995917e-02
3.859780000000005012e-02
3.930540000000008055e-02
5.484600000000005443e-02
4.061289999999999345e-02
4.329520000000005447e-02
1.826659000000000477e-01
6.619309999999996308e-02
9.912079999999998114e-02
1.143477000000000521e-01
3.151050000000002460e-02
9.906590000000004004e-02
7.839979999999996396e-02
5.201190000000009694e-02
9.351460000000008654e-02
8.029540000000001676e-02
4.458670000000017342e-02
6.802240000000009390e-02
8.548269999999996704e-02
7.837580000000000935e-02
5.400430000000012998e-02
1.282364999999998922e-01
4.405750000000015210e-02
3.494200000000004941e-02
