FramewiseDisplacement
4.592428000000000066e-01
1.122541999999999984e-01
5.675274500000007660e-02
5.946524500000007624e-02
8.737903500000002155e-02
4.958510499999999044e-02
3.185396000000000755e-02
1.919485500000001413e-02
5.784316500000002970e-02
5.954028000000008425e-02
4.729717999999996647e-02
5.777280000000007548e-02
8.398110000000005848e-02
6.490614999999999579e-02
3.528434999999996435e-02
5.013509999999999495e-02
3.314849999999995578e-02
5.625614999999997007e-02
2.197321500000000150e-01
9.350590000000003066e-02
2.790960000000002744e-02
4.295840000000002157e-02
3.675349999999999451e-02
5.049229999999999691e-02
4.045490000000002973e-02
3.477430000000003574e-02
3.202690000000001092e-02
5.880709999999992471e-02
5.956689999999999208e-02
4.301324999999998899e-02
4.949819999999996445e-02
7.126975000000003446e-02
7.290984999999999827e-02
3.640035500000000646e-01
3.620043000000000566e-01
2.038167000000000173e-01
1.520183500000000798e-01
9.605389999999995598e-02
1.323659999999999559e-01
7.939510000000001011e-02
6.030240000000001988e-02
1.009228000000000069e-01
4.383404999999997165e-02
3.528910000000007319e-02
6.293415000000002202e-02
1.029553000000000135e-01
1.042201000000000655e-01
7.315189999999999193e-02
4.852820000000002826e-02
5.425064999999999749e-02
3.477259999999997991e-02
7.042920000000002512e-02
9.292120000000003710e-02
2.128591000000000233e-01
1.275209499999999663e-01
6.303995000000001125e-02
1.381125000000001275e-02
7.212464999999998461e-02
1.601649499999999449e-01
1.374190000000000134e-01
1.139387999999999929e-01
5.006690000000001139e-02
5.923929999999999474e-02
2.359590000000001339e-02
9.540049999999999919e-02
5.262989999999997948e-02
4.600459999999999272e-02
1.963017999999999985e-01
5.912130000000000857e-02
7.370889999999999387e-02
5.652609999999998192e-02
1.006295999999999996e-01
6.091180000000000205e-02
5.191285000000000344e-02
5.475435000000000718e-02
2.615649999999997144e-02
4.248709999999999987e-02
5.915964999999999419e-02
5.251819999999998712e-02
3.566095000000001763e-02
6.148419999999998886e-02
5.729710000000001746e-02
6.576305000000000345e-02
8.641304999999999126e-02
5.461609999999997994e-02
2.524590000000000861e-02
3.926600000000001617e-02
4.350690000000000807e-02
5.758734999999997467e-02
4.355175000000001406e-02
3.926460000000000367e-02
2.547480000000000577e-02
7.162453999999998655e-02
6.176183000000001755e-02
4.531572999999998463e-02
5.915548000000001028e-02
8.988318500000000433e-02
5.936820999999999765e-02
3.043043300000000118e-01
1.228449500499999986e-01
1.969674549499999539e-01
1.653811699999999940e-01
7.453561999999999688e-02
5.250540000000000068e-02
3.913965504999999956e-02
5.078205504999998288e-02
4.800561000000000411e-02
7.054454505000000430e-02
5.988663504999999776e-02
5.467784504999999989e-02
4.077657504999999960e-02
4.178288999999999614e-02
5.515291999999999417e-02
1.176164400000000165e-02
9.348881219999997938e-02
3.490169620000000555e-02
5.710198999999999137e-02
3.795855000000000062e-02
4.848427000000000292e-02
5.124542600000000364e-02
5.566517399999999782e-02
5.608525999999999789e-02
3.121421999999999738e-02
5.786514499999999284e-02
3.533394500000000549e-02
6.662429999999999741e-02
4.913286999999999516e-02
7.885297000000002221e-02
7.769849999999998980e-02
3.178169999999999606e-02
2.158192499999999625e-01
1.738370599999999877e-01
2.209130100000000207e-01
1.138547049999999727e-01
6.501164500000000679e-02
1.149386500000000033e-01
3.860815800000000353e-01
2.136363799999999591e-01
1.214693700000000209e-01
6.465669999999998363e-02
4.256666000000000616e-02
9.583479999999999777e-02
5.760641999999999152e-02
3.842952000000000867e-02
5.888046999999999725e-02
4.312546000000000435e-02
5.553160999999999514e-02
6.149228999999999806e-02
4.884770000000000778e-02
1.842682000000000347e-02
5.782912999999999942e-02
6.362959999999999450e-02
1.446483100000000022e-01
1.204697200000000024e-01
9.046871000000000773e-02
1.016822500000000018e-01
7.368526000000000242e-02
3.258019000000000887e-02
2.324640000000000040e-02
6.165390000000000453e-02
6.671302999999999261e-02
6.990524999999998823e-02
3.126640999999999448e-02
4.699254999999999405e-02
5.325081999999999038e-02
3.155233000000000343e-02
3.998546999999999518e-02
3.643509999999999804e-02
3.061608000000000385e-02
4.551221999999998519e-02
2.715991000000000238e-02
6.358811000000000324e-02
3.510109000000000840e-02
6.005234999999999740e-02
1.070500000000000965e-02
3.176189999999999569e-02
4.290119999999999351e-02
4.044989999999999697e-02
2.432210000000000621e-02
3.007599999999998469e-02
3.382120000000003734e-02
5.533659999999999274e-02
8.458650000000000890e-02
5.489699999999999580e-01
1.651883000000000101e-01
8.130719999999995451e-02
7.128250000000001252e-02
6.704560000000001074e-02
5.467715000000002157e-02
6.263144999999999130e-02
2.251210000000004874e-02
8.482714999999999006e-02
5.233405000000002083e-02
8.343570000000000153e-02
2.057575000000000376e-02
4.706325000000004255e-02
4.802930000000001087e-02
3.335040000000001614e-02
4.053410000000001040e-02
4.002000000000000002e-02
2.375750000000001472e-02
4.146410000000000373e-02
6.166879999999994727e-02
5.708539999999999448e-02
2.295435999999999865e-01
1.328778999999999932e-01
9.895059999999999967e-02
2.032270000000003379e-02
7.664920000000005618e-02
6.771790000000008081e-02
5.865439999999998155e-02
4.298920000000003988e-02
3.580440000000000705e-02
4.351729999999999488e-02
3.694300000000003137e-02
8.960509999999993758e-02
3.524700000000001443e-02
3.131649999999999018e-02
1.364114499999999619e-01
4.556403000000000536e-01
1.871246500000000312e-01
1.329873000000000582e-01
9.431829999999996605e-02
1.152349999999996433e-02
7.118949999999998890e-02
1.794088000000000072e-01
6.080000000000003457e-02
6.316499999999998505e-02
4.384899999999997133e-02
3.196249999999988683e-02
2.620349999999992130e-02
5.876000000000003443e-02
7.519800000000000095e-02
1.351199999999999450e-02
1.249064999999999620e-01
2.388846000000000303e-01
4.524553999999998966e-01
1.176812999999999748e-01
5.591880000000002543e-02
