FramewiseDisplacement
7.051466900000000759e-01
1.167631100000000172e-01
8.357839000000003016e-02
7.971068999999998683e-02
7.243595000000001283e-02
5.858854999999998231e-02
7.626562500000001743e-02
7.902862500000001900e-02
1.091669350000000066e-01
6.276473500000000205e-02
9.796173499999998036e-02
9.504658499999998900e-02
5.518564999999998194e-02
8.540395000000002013e-02
7.151164999999999605e-02
2.678210000000000313e-02
5.418970000000000731e-02
1.031549000000000077e-01
8.108395000000000186e-02
4.505530000000001339e-02
3.228525000000000839e-02
3.386610000000000315e-02
5.488064999999998916e-02
7.568250000000001365e-02
2.668774000000000840e-02
6.136483999999998995e-02
2.657460000000000377e-02
2.593094999999999428e-02
7.806236500000002243e-02
1.076081549999999831e-01
5.017942499999998585e-02
5.994651500000001965e-02
7.521840500000001595e-02
2.723965999999999887e-02
5.571644500000000333e-02
5.301022000000000373e-02
1.819720000000000365e-02
7.958049000000000373e-02
7.831511499999999071e-02
6.400488499999999747e-02
6.373916000000000304e-02
5.193689999999999418e-02
3.904533499999999352e-02
2.052165000000000586e-02
8.152208499999999414e-02
6.426435000000001174e-02
9.985165000000001401e-02
1.439337499999999714e-01
1.587584499999999954e-01
1.118984999999999841e-01
6.048747500000001276e-02
4.053643500000000954e-02
3.968300999999999773e-02
3.296098499999999820e-02
4.626018499999999534e-02
1.670953000000000715e-02
3.689625000000000543e-02
2.224535499999999791e-02
4.370214000000001431e-02
7.117762500000000825e-02
6.813925500000000968e-02
7.279690000000001160e-02
1.328374149999999865e-01
7.918478500000000753e-02
9.983543500000000015e-02
7.332310000000000216e-02
1.672808100000000020e-01
8.398283299999999285e-02
3.825126699999999852e-02
4.502176500000000525e-02
3.387559999999999183e-02
6.638302500000001216e-02
1.187087900000000085e-01
5.371992999999999907e-02
7.588245999999999880e-02
1.139294599999999963e-01
6.904224999999999945e-02
5.116828500000000085e-02
2.831328500000000054e-02
7.287695000000000978e-02
3.934780000000000222e-02
3.977854000000000112e-02
4.090480999999999978e-02
4.355759499999999756e-02
5.597091500000000303e-02
3.573685000000000750e-02
8.533494999999999275e-02
7.504645000000000066e-02
5.289390000000000758e-02
4.784347500000000336e-02
7.700240499999999599e-02
8.449337999999999294e-02
5.851003000000000454e-02
6.331997999999999793e-02
9.031113000000000335e-02
8.253902999999998547e-02
8.443547999999999332e-02
4.363855999999999985e-02
2.377082999999999974e-02
5.666057999999999512e-02
7.689645500000000244e-02
7.140160499999999300e-02
5.908745499999999706e-02
1.845239999999999381e-02
7.650305000000000299e-02
5.675664999999999877e-02
5.107196799999999537e-02
2.096587799999999682e-02
9.567628999999999717e-02
5.430329999999999879e-02
5.521146000000001081e-02
9.349768199999999863e-02
5.551089199999999918e-02
4.387946999999999681e-02
4.718722500000000625e-02
1.311074799999999985e-01
1.803492800000000285e-01
1.314859300000000009e-01
5.103444999999999510e-02
3.290749099999999705e-02
4.934575600000000450e-02
3.844702499999999579e-02
2.679536400000000207e-02
1.278512639999999922e-01
9.660476500000000910e-02
1.688659100000000080e-01
7.152588500000001126e-02
1.183136249999999917e-01
5.192401500000001086e-02
4.602463000000000387e-02
8.371325000000000294e-02
9.803165499999999533e-02
6.497345499999999940e-02
9.946660000000000224e-02
9.889470000000000205e-02
3.748545000000000349e-02
8.571998000000000117e-02
5.296057099999999795e-02
6.795515900000000109e-02
8.820548000000002706e-03
4.202026200000000267e-02
7.328625999999999197e-02
6.954529799999999151e-02
2.886085800000000312e-02
6.633743000000000278e-02
6.591510000000000424e-02
8.565756000000000758e-02
6.669213049999998810e-02
3.748975050000000198e-02
1.273230800000000051e-01
1.248323799999999928e-01
1.187811000000000006e-01
6.678372999999998560e-02
5.823184999999998085e-02
6.936962999999998769e-02
7.148287999999999864e-02
8.336393999999999749e-02
7.723590500000000747e-02
1.009951948000000072e-01
4.080135520000000016e-02
1.274108049999999881e-01
1.503132199999999974e-01
3.376410499999999565e-02
5.154093000000001257e-02
1.212596000000000333e-02
7.718800099999999220e-02
9.185660600000000731e-02
1.110133599999999915e-01
4.759096999999999633e-02
6.389684499999999379e-02
8.799353000000000036e-02
6.548291500000000265e-02
1.123758730000000011e-01
9.552605799999999703e-02
4.423506999999999439e-02
5.892239999999999284e-02
3.567370000000000957e-02
5.090685500000000085e-02
9.562082499999999263e-02
6.251241949999999936e-02
7.797372150000000945e-02
7.487824499999999606e-02
9.424282000000000492e-02
9.772698999999999969e-02
9.013943500000000386e-02
1.230342199999999858e-01
1.163572449999999842e-01
6.302640999999999105e-02
7.300665000000000626e-02
5.872037000000000090e-02
6.655259000000000869e-02
1.275503000000000053e-01
8.069503000000000092e-02
1.664207699999999471e-02
5.351347699999999680e-02
8.433681785000000930e-02
5.357496215000000228e-02
1.100562330000000033e-01
9.050867300000001170e-02
4.417112000000000122e-02
6.466860000000000663e-02
7.463915999999999606e-02
8.452427999999999331e-02
6.148383000000000320e-02
3.209638000000000074e-02
3.020959000000000144e-02
2.691866999999999177e-02
5.169756999999999131e-02
2.959286000000000902e-02
8.853090999999999045e-02
5.934727999999999531e-02
1.421393999999999783e-02
5.014188999999999452e-02
3.638930000000000636e-02
5.830637000000000320e-02
4.036934999999999829e-02
4.964061999999999641e-02
5.887020000000000447e-02
5.680810000000000026e-02
3.300650000000000112e-02
5.704755000000000242e-02
9.750375000000000014e-02
1.809400000000000591e-02
6.838914999999999578e-02
4.736344999999998751e-02
9.146429999999999838e-02
7.108085000000000098e-02
8.470000000000001139e-02
6.263390000000000624e-02
4.862435000000000368e-02
5.185499999999999138e-02
5.817081999999999808e-02
1.494493699999999703e-01
9.419755000000000489e-02
4.655420000000000391e-02
4.017519999999999425e-02
6.151844999999999536e-02
5.615450999999999776e-02
4.332398999999999278e-02
