FramewiseDisplacement
5.407927999999999624e-01
1.428724000000000105e-01
9.578359999999995489e-02
3.685879999999996937e-02
3.706740000000000729e-02
6.097635000000002636e-02
6.748404999999998988e-02
6.084006000000000136e-02
3.014116400000001542e-02
2.846424600000000554e-02
3.612815999999999250e-02
3.832077999999999873e-02
4.618279000000000134e-02
3.995039999999996927e-02
6.458840000000000414e-02
7.688750000000003915e-02
6.321060000000004730e-02
4.959579999999996769e-02
4.164430000000000909e-02
2.235809999999999187e-02
2.700350000000002054e-02
9.784000000000001029e-02
6.100224999999999398e-02
5.664095000000001628e-02
4.216309999999999503e-02
4.320620000000000710e-02
3.139850000000000280e-02
1.783685000000001519e-02
3.652596999999999094e-02
6.829015700000003186e-02
3.003293699999999219e-02
4.198689000000001281e-02
5.056278999999999635e-02
6.402899999999998870e-02
8.160430900000001375e-02
6.437315899999999924e-02
5.669055000000000621e-02
6.975757000000000485e-02
1.833447000000000549e-02
1.734464000000000838e-02
7.459651999999999950e-02
7.675613399999998976e-02
1.981170599999999490e-02
2.504827000000000095e-02
4.549583999999997491e-02
4.474199999999998317e-02
5.243665000000000825e-02
7.001399999999997903e-02
1.059952800000000112e-01
6.594078000000000439e-02
6.559740000000000015e-02
3.579165000000000124e-02
6.178025000000000877e-02
6.419650000000000356e-02
4.867754999999999305e-02
6.777104999999999935e-02
4.937479999999998953e-02
4.835699999999999721e-02
8.203722999999998877e-02
7.890053000000001038e-02
2.808753999999999071e-02
2.351465999999999626e-02
3.873024999999997997e-02
6.664404999999998247e-02
3.732660550000001243e-02
4.563885550000000568e-02
6.400605500000000614e-02
4.513372999999999691e-02
1.234660150000000539e-02
4.291389849999998479e-02
7.345198499999999742e-02
8.192001000000001532e-02
3.137841000000000935e-02
3.330030000000000490e-02
6.336785499999998683e-02
1.910893499999998316e-02
7.097506499999997609e-02
4.793717499999999160e-02
6.391347999999999474e-02
4.167787999999999354e-02
3.555586999999999637e-02
3.145544999999999591e-02
2.830812999999998691e-02
2.982191999999999482e-02
2.971857999999999445e-02
3.706615499999999647e-02
2.450625000000000026e-02
2.362474500000000255e-02
6.644496999999999209e-02
7.293684000000000278e-02
4.057017000000000956e-02
5.274526159999999575e-02
5.063607159999999191e-02
4.087712999999999763e-02
3.424664500000000611e-02
5.031439499999999787e-02
3.198328999999999755e-02
2.565470000000000597e-02
5.210904499999999967e-02
1.919368500000000546e-02
3.061482999999999566e-02
4.156645500000000909e-02
4.950819499999999096e-02
2.461428000000000921e-02
4.511711000000000887e-02
4.304047000000000428e-02
7.974543000000000603e-02
2.976136000000000059e-02
4.879867999999999706e-02
4.139179999999999943e-02
2.948478999999998990e-02
2.989571000000000589e-02
5.442312999999999318e-02
5.459490000000000176e-02
6.037789999999999824e-02
5.303637999999999408e-02
4.197746499999999853e-02
3.551266499999999882e-02
1.145755199999999863e-01
9.999977999999999645e-02
2.745167000000000093e-02
2.738233000000000333e-02
2.945178500000000116e-02
2.380050000000000362e-04
8.623287000000000313e-02
6.446902000000000188e-02
1.220092499999999962e-02
5.967290499999999831e-02
2.536824500000000454e-02
3.437103500000000811e-02
4.570243000000000222e-02
1.568358500000000683e-02
2.685796000000000364e-02
1.747203999999999771e-02
5.119478500000000654e-02
1.799758599999999945e-02
3.478831099999999538e-02
2.525297399999999748e-02
7.274876299999999407e-02
3.595329399999999676e-02
5.745780200000000226e-02
2.448109700000000027e-02
2.552768299999999893e-02
4.573935299999999649e-02
3.638291500000000178e-02
1.084869999999999932e-02
3.781086063999999913e-02
5.080824064000000195e-02
5.181616499999999736e-02
4.297270000000000256e-02
3.047665000000000096e-02
5.001641599999999410e-02
3.784124399999999611e-02
3.154243999999999798e-02
5.483512000000000108e-02
4.681786000000000281e-02
2.447018000000000110e-02
2.071657000000000359e-02
1.326468999999999565e-02
2.352264499999999828e-02
1.331058549999999951e-01
9.945778500000000688e-02
5.451596499999999956e-02
5.625836499999999074e-02
5.695661500000000210e-02
3.208159499999999748e-02
4.745152979999999604e-02
5.463719019999999094e-02
5.231297499999999767e-02
2.595876549999999797e-02
3.534982949999999902e-02
4.331213000000000424e-02
8.330729500000000343e-02
5.545581499999999858e-02
1.626762500000000083e-02
5.499681000000000014e-02
3.831069999999999615e-02
4.293708000000000247e-02
4.908399999999999569e-02
4.116941000000000350e-02
2.651695349999999562e-02
4.867483349999998654e-02
2.537448999999999261e-02
3.448265000000000358e-02
1.716209999999999958e-02
5.709372000000000058e-02
3.855127499999998902e-02
4.487363000000001156e-02
2.394933499999999174e-02
2.476736499999999952e-02
2.721945499999999657e-02
2.543855999999999548e-02
1.542071000000000067e-02
2.731880000000000072e-02
4.668408000000000280e-02
4.198817999999999995e-02
2.326809000000000169e-02
4.217114500000000016e-02
7.322168499999999469e-02
2.135013000000000188e-02
4.421924999999998426e-03
3.398245500000000169e-02
2.468374999999999736e-02
2.792818000000000037e-02
6.811600000000000987e-03
0.000000000000000000e+00
1.636326500000000184e-02
4.562618499999999966e-02
5.097473500000000712e-02
3.649251499999999621e-02
3.766491000000000283e-02
2.082774999999999904e-02
4.625751000000000168e-02
3.584498000000000545e-02
3.093182500000001001e-02
4.395862000000001768e-02
3.209825499999999915e-02
3.248856399999999062e-02
1.915234399999999129e-02
3.299564499999998318e-02
5.791248499999999272e-02
4.158800500000000427e-02
3.452932000000000223e-02
8.754750999999999506e-02
8.831512500000000820e-02
7.144377999999998452e-02
3.387108049999999065e-02
4.702242049999998119e-02
5.187886999999998666e-02
3.294929999999998693e-02
6.135201999999998629e-02
6.671854500000000410e-02
7.568758500000001554e-02
6.240283500000001066e-02
2.886434500000001693e-02
3.445776999999998480e-02
2.276481500000000421e-02
9.057505000000000417e-03
5.948066499999999507e-02
