FramewiseDisplacement
4.559880999999999518e-01
2.457781999999999467e-01
3.638071000000000499e-01
2.492807000000000217e-01
1.074570000000000525e-01
1.124269999999999159e-01
2.373292000000000179e-01
5.572741999999999418e-01
4.290349000000001078e-01
1.977853999999999446e-01
1.160014000000000045e-01
1.422061999999999493e-01
2.488732999999999362e-01
2.775127999999999484e-01
1.566226000000000007e-01
1.650521999999999267e-01
7.837019999999990383e-02
2.416366999999999265e-01
2.393999000000000543e-01
9.578100000000000502e-02
1.697679999999999190e-01
1.928400999999999588e-01
8.786720000000003417e-02
8.037989999999994861e-02
3.928684000000000065e-01
2.486468000000000289e-01
2.604530999999999930e-01
2.906136999999999748e-01
1.287089000000000150e-01
2.997759999999999869e-01
1.937658000000000158e-01
1.382321000000000244e-01
1.400112000000000023e-01
1.653435999999999240e-01
5.074619999999992886e-02
7.305757000000000501e-01
4.666918000000000455e-01
1.812668999999999253e-01
1.091199000000000058e-01
1.901231000000000448e-01
2.849365999999999288e-01
2.010823999999999945e-01
1.020172000000000440e-01
1.308604000000000434e-01
1.424840000000000273e-01
2.265733999999999804e-01
1.353019000000000305e-01
3.639650000000002605e-02
4.359221999999999819e-01
2.960592999999999697e-01
1.322705000000000131e-01
6.166090000000005317e-02
3.072683000000001052e-01
7.308399999999999341e-01
7.900735999999999315e-01
2.964589999999999725e-01
7.725389999999994484e-02
1.141254000000000435e-01
1.252792000000000072e-01
6.109379999999996896e-02
5.134087000000000511e-01
3.085399000000000336e-01
4.880973999999999036e-01
2.302729000000001136e-01
8.066669999999999396e-02
1.750722999999999585e-01
1.885193000000000008e-01
1.576122999999999552e-01
1.527709000000000705e-01
1.881454999999998823e-01
1.211155999999999344e-01
1.129822000000000187e-01
1.117634999999999879e-01
8.508670000000001510e-02
5.512650000000000883e-02
6.969550000000006296e-02
1.773577000000000070e-01
1.472402000000000988e-01
9.951510000000005074e-02
1.290439999999999365e-01
1.015705999999999998e+00
5.056465999999999461e-01
1.941174999999999151e-01
3.408972000000000668e-01
2.395275000000000598e-01
1.812310999999999783e-01
1.422177000000000580e-01
9.042028999999994487e-02
4.077581899999999093e-01
2.131429999999999991e-01
1.639981099999998915e-01
2.398375899999999894e-01
1.082985000000000475e-01
1.521103000000000316e-01
9.095362999999999365e-02
9.806997000000000630e-02
5.658040000000000291e-02
4.441441000000000416e-01
4.729812500000000197e-01
1.763444000000000123e-01
1.150757500000000599e-01
1.786294000000000215e-01
8.891849999999996979e-02
1.005445020000000023e+00
5.115248199999999912e-01
1.824325100000000199e-01
1.091298300000000110e-01
8.955340999999999996e-02
8.620345999999998177e-02
3.556981699999999802e-01
3.079521000000000064e-01
1.020432499999999881e-01
9.127735000000000709e-02
1.128512999999999877e-01
1.227906100000000361e-01
1.194854850000000024e-01
3.431268950000000428e-01
9.546798000000000783e-02
3.930993300000000246e-01
3.452516468999999866e-01
2.901037619000000345e-01
5.823188900000000889e-02
1.357176889999999747e-01
1.563962799999999709e-01
1.776172010000000301e-01
1.201421410000000217e-01
1.328960100000000366e-01
4.733260499999997900e-02
1.128133450000000232e-01
1.008429100000000356e-01
2.877569500000000113e-01
1.122050499999999867e-01
7.700870000000001325e-02
1.653140499999999902e-01
2.189891999999999950e-01
8.735974999999998603e-02
1.494011499999999826e-01
4.124346999999999319e-01
3.658996950000000248e-01
2.076396350000000168e-01
9.631511999999999019e-02
1.294312599999999647e-01
9.148378999999998151e-02
4.786175999999998931e-02
2.191186099999999359e-01
2.176557500000000089e-01
4.971549999999998193e-02
2.936795719999999443e-01
2.057635720000000057e-01
1.159263000000000376e-01
8.887421499999997865e-02
9.444618999999999931e-02
3.608079250000000293e-01
7.875369999999995430e-02
1.006540000000000212e-01
1.630428999999999906e-01
1.702910500000000549e-01
1.480717500000000297e-01
5.727690000000004722e-02
6.497904999999999376e-01
5.209171000000000218e-01
1.048265000000000030e-01
6.015439999999999676e-02
1.391718000000000122e-01
1.010236499999999510e-01
4.425750000000004680e-02
8.630324999999998414e-02
2.312425500000000189e-01
2.841279099999999835e-01
1.742182899999999701e-01
3.324527500000000191e-01
2.659612900000000724e-01
1.581424600000000402e-01
2.903797000000000184e-01
2.468404499999999890e-01
1.747905999999999904e-01
1.690772000000000108e-01
7.703559999999999575e-02
1.259153999999999829e-01
2.213813500000000323e-01
3.883000799999999919e-01
3.508610799999999363e-01
5.601695000000001673e-02
1.635102999999999973e-01
9.628187999999998636e-02
1.191985799999999984e-01
1.323287700000000400e-01
1.734173800000000654e-01
2.431271499999999863e-01
1.630159500000000761e-01
2.126809500000000352e-01
8.259319999999997775e-02
7.456930000000001890e-02
3.977069999999997829e-02
4.528939999999998661e-02
9.995030000000000581e-02
5.664730000000005317e-02
6.246080000000002463e-02
4.762579999999998204e-02
4.582339999999995861e-02
4.780263674999999934e-01
2.861438325000000282e-01
2.605912999999999702e-01
1.924909500000000218e-01
5.955375000000001640e-02
4.953910000000001645e-02
1.792443000000000508e-01
7.033650000000005176e-02
1.361571000000000309e-01
1.110174999999999912e-01
1.189326999999999745e-01
1.199287999999999743e-01
1.518731000000000109e-01
9.466839999999997202e-02
3.247560000000002112e-02
8.163729999999998210e-02
8.568380000000004604e-02
7.493149999999998423e-02
2.894584000000000046e-01
4.823102999999999696e-01
7.729702000000000517e-01
5.150741399999999581e-01
2.671256600000000425e-01
1.691683000000000214e-01
7.398210000000002284e-02
1.250447999999999560e-01
8.236010000000000553e-02
2.596188999999999858e-01
2.034998000000000640e-01
1.041652000000000133e-01
1.001693999999999501e-01
1.170330999999999733e-01
2.023209999999999731e-01
1.356717999999999535e-01
1.283378089999999971e-01
8.088630900000003121e-02
1.218418000000000556e-01
5.516570000000000501e-02
1.078290999999999694e-01
