FramewiseDisplacement
5.317535499999999082e-01
3.522086499999999010e-01
1.316269700000000098e-01
1.425499199999999966e-01
9.858920000000001571e-02
7.987682999999998201e-02
5.495512999999999787e-02
9.066470000000001472e-02
6.927722000000000047e-02
3.819490000000000385e-02
5.652782000000001333e-02
6.187890000000002139e-02
4.408969000000003552e-02
4.435949000000004999e-02
9.469923999999997621e-02
3.182631000000002430e-02
4.340340000000000170e-02
9.555637000000007097e-02
5.125659999999998551e-02
1.148159000000000124e-01
1.425046000000000090e-01
7.793261000000002714e-02
7.234849000000002917e-02
1.273097499999999993e-01
1.061235709999999444e-01
4.158882400000005197e-02
1.020109970000000338e-01
7.819150399999996726e-02
1.059331090000000808e-01
7.000884499999995847e-02
1.247920100000000365e-01
8.982105999999999424e-02
6.693684999999997831e-02
4.003844999999998933e-02
7.356750000000002176e-02
1.193253399999999464e-01
1.294993900000000198e-01
8.284194999999999753e-02
1.043203499999999645e-01
1.644665999999999906e-01
1.679664999999999631e-01
1.008056500000000383e-01
9.104510000000005931e-02
5.644559000000001769e-02
6.120900999999996650e-02
1.098255999999999677e-01
6.744125000000000814e-02
4.025161000000001404e-02
2.296830999999998485e-02
9.465790000000003090e-02
1.001884500000000261e-01
8.911904999999999133e-02
8.397954999999998615e-02
4.953979999999993944e-02
2.432231950000003987e-02
7.881771950000000804e-02
1.009364500000000248e-01
7.352965000000001583e-02
1.171987749999999773e-01
8.966436999999999324e-02
2.639190499999997247e-02
8.473998000000000641e-02
1.023390799999999989e-01
3.169069999999997445e-02
8.801539999999995201e-02
5.005751000000004114e-02
6.810755999999999755e-02
5.050377899999998477e-02
1.447429210000000521e-01
4.901464499999996782e-02
8.193830499999998906e-02
6.074359999999997400e-02
5.840824999999995326e-02
1.015674000000000160e-01
8.326870000000001493e-02
2.738990999999999995e-02
3.641342300000000726e-02
7.364628299999997907e-02
1.316859999999999975e-01
8.926589999999999525e-02
7.563575000000001547e-02
8.531555000000001776e-02
9.835080000000001599e-02
8.920429999999998638e-02
1.376958800000000205e-01
3.935494000000000492e-02
1.364971699999999732e-01
7.137059999999999238e-02
7.744262999999999841e-02
6.654993000000000714e-02
8.896565000000000722e-02
5.004370000000001040e-02
6.106694999999998097e-02
7.486310000000001574e-02
5.058149999999998758e-02
4.476390000000000230e-02
1.361625499999999933e-01
1.200301500000000021e-01
8.638492000000000393e-02
7.084631999999997654e-02
1.401009999999997327e-02
9.411939999999999196e-02
4.816415000000001667e-02
7.066365999999998926e-02
9.778315999999999397e-02
6.953155000000001140e-02
1.102247299999999930e-01
5.426349499999999493e-02
7.073822999999998529e-02
3.319800000000000528e-02
8.687337500000000268e-02
6.891203999999999386e-02
5.952669000000000016e-02
5.210633000000000625e-02
8.733462499999999906e-02
4.986760500000000235e-02
7.722528500000000462e-02
6.474336499999999717e-02
3.981343999999999855e-02
5.598096699999999953e-02
6.554297300000000437e-02
6.736775300000000244e-02
3.642579750000000255e-02
5.310809750000000662e-02
7.193882800000001021e-02
8.070644100000000376e-02
7.601520500000000236e-02
7.445445500000000272e-02
5.559371849999999310e-02
5.989504350000000171e-02
7.069297500000000511e-02
5.741139000000000658e-02
8.260075000000000056e-02
7.507770000000001109e-02
1.297781699999999983e-01
5.098213000000000050e-02
6.389240000000000197e-02
5.862134999999998874e-02
6.026240159999998736e-02
8.881270159999998803e-02
9.317368500000000608e-02
9.042829500000000575e-02
5.383691999999998257e-02
6.243231999999999948e-02
8.183370999999999007e-02
4.923317999999999445e-02
3.851804000000000339e-02
6.812728499999999576e-02
7.268542499999999795e-02
5.663803500000000324e-02
1.111476549999999841e-01
5.454174999999997914e-02
5.211294999999997735e-02
1.010180499999999842e-01
5.063920000000000921e-02
9.478320000000001189e-02
3.632289999999998437e-02
5.409364999999999313e-02
8.659249499999999156e-02
7.150445999999999191e-02
8.386553499999999106e-02
1.034452599999999972e-01
5.359479999999997718e-02
9.281861000000000972e-02
4.761175000000000823e-02
6.203360000000000818e-02
4.762174999999999048e-02
6.521625000000000338e-02
7.069315000000001015e-02
8.790059999999999540e-02
7.261314999999998743e-02
7.182235000000000702e-02
1.006983500000000059e-01
9.168700999999999934e-02
8.582246000000000319e-02
1.166881999999999919e-01
3.543260999999998245e-02
2.861009999999998901e-02
6.494120999999999921e-02
5.610669999999996771e-02
9.291370000000001572e-02
1.010008899999999682e-01
7.150908999999999738e-02
8.426439999999997543e-02
7.568750000000001865e-02
9.469014999999997295e-02
1.323388049999999760e-01
9.966475499999997989e-02
1.097725999999999980e-01
6.561620000000004116e-02
6.536675000000000124e-02
8.859560000000002433e-02
7.811859999999998250e-02
5.930565000000003612e-02
1.013654599999999906e-01
2.432125799999994634e-02
1.261913680000000260e-01
6.051444999999998353e-02
8.033570000000002376e-02
4.466190000000002519e-02
6.209469999999997492e-02
4.624350000000002070e-02
1.056413400000000002e-01
3.217795000000002459e-02
9.413738999999997359e-02
8.913354999999997808e-02
1.027159900000000348e-01
5.703404000000001500e-02
7.054780000000006324e-02
1.087122999999999978e-01
6.878870000000000817e-02
2.936940000000000384e-02
2.965860000000003494e-02
6.203309999999997992e-02
4.376613999999997423e-02
6.236423000000000660e-02
4.242744000000001070e-02
4.408273000000000746e-02
3.755368000000000595e-02
6.919959999999995837e-02
9.524990000000002621e-02
1.350435000000000108e-01
1.221154499999999588e-01
4.396575000000005340e-02
4.144948000000003852e-02
5.868473000000005296e-02
3.325005000000002403e-02
5.653335000000003774e-02
6.103576000000002916e-02
6.774158000000002344e-02
8.246922999999997672e-02
7.670441000000005616e-02
4.169809000000003485e-02
3.784940999999997224e-02
7.741609000000006235e-02
1.017937000000000425e-01
6.885706199999998278e-02
7.438489199999999413e-02
4.484532999999994024e-02
