FramewiseDisplacement
2.850274999999999892e-01
6.524290000000000644e-02
5.146869999999999917e-02
1.289668999999999954e-01
4.104679499999999703e-01
6.630540000000000045e-02
1.222459500000000060e-01
5.712355000000000904e-02
5.498689999999997746e-02
2.309655500000000194e-01
9.519449999999995971e-02
8.660629999999996942e-02
4.328312999999996830e-02
8.476357999999999115e-02
9.270564999999998668e-02
8.576214999999996758e-02
6.897744999999999571e-02
2.820479999999998821e-02
6.272944999999997828e-02
9.403354999999999353e-02
8.461236999999999231e-02
5.548507000000001133e-02
1.206983999999999835e-01
1.236617999999999606e-01
8.142970000000002151e-02
4.806399999999997480e-02
5.611374999999999696e-02
5.892965000000002784e-02
6.463700000000002777e-02
4.535240000000001492e-02
8.390535000000001742e-02
7.300055000000001126e-02
8.607624999999999305e-02
9.594740000000000213e-02
6.117423500000002123e-02
6.720548499999998149e-02
2.488270000000000065e-02
3.537449999999998929e-02
7.457345000000001334e-02
3.202955000000001773e-02
6.784089999999999565e-02
3.934770000000001322e-02
4.450535000000000602e-02
7.712379999999999236e-02
4.545429999999998916e-02
1.393435249999999959e-01
1.785354749999999435e-01
2.724355000000003302e-02
7.901281499999998625e-02
6.325666500000000358e-02
5.449873000000000217e-02
7.203698000000000046e-02
4.539227999999999319e-02
6.750310000000001032e-02
9.648722000000001242e-02
7.973613999999998314e-02
5.219796499999997119e-02
5.724208500000001199e-02
3.694725000000001480e-02
8.264019000000000226e-02
9.250300499999999926e-02
4.749134499999999037e-02
4.373058999999999280e-02
6.501454000000003730e-02
2.730493999999999630e-02
4.687825999999999105e-02
5.209789999999997478e-02
3.682947999999997696e-02
7.495386999999999189e-02
4.241728000000001553e-02
5.325608000000000425e-02
3.489623000000000724e-02
5.574049000000002446e-02
3.978349999999998554e-02
2.788923000000000096e-02
9.873168000000001610e-02
1.805915100000000106e-01
1.046234000000000053e-01
7.959250000000002434e-02
7.578965000000001395e-02
4.610324999999999146e-02
4.355859999999998899e-02
3.444499999999998952e-02
4.463399999999999312e-02
8.233749999999998015e-02
6.050312500000000482e-02
1.207040849999999749e-01
1.218369449999999882e-01
6.073194499999997470e-02
4.914763999999997163e-02
1.392529999999997381e-02
5.967990000000002182e-02
3.769980000000000553e-02
4.458330000000002014e-02
5.291980000000000295e-02
2.582669999999999758e-02
2.921811499999997508e-02
1.044331349999999825e-01
3.930662000000000739e-02
7.539607999999999033e-02
6.630054000000001890e-02
7.905708500000000472e-01
3.334567500000000240e-01
9.029501199999999395e-02
7.849706200000000633e-02
1.390431500000000320e-01
1.104236350000000061e-01
5.706827500000000164e-02
6.720155999999999352e-02
4.484630500000000297e-02
5.828515499999999822e-02
1.716869999999998814e-02
6.689148999999999790e-02
1.063461500000000004e-01
4.710784500000000236e-02
3.974652499999999783e-02
5.103707999999999856e-02
5.703832924999999859e-02
1.405336075000000046e-02
3.595896000000000509e-02
4.991166999999999826e-02
4.268599900000000225e-02
4.155017399999999701e-03
2.016360856000000146e-01
6.985940200000000100e-02
4.966166000000000330e-02
9.948814000000000268e-02
4.773862999999999024e-02
3.044315999999999689e-02
3.958924000000001164e-02
1.432892050000000028e-01
1.151625549999999859e-01
4.860904999999998699e-02
3.180152999999999452e-02
2.632401000000001226e-02
4.704653499999999350e-02
5.015315500000000482e-02
6.753249999999999531e-02
6.142482999999999277e-02
6.482071999999999834e-02
6.924171500000000923e-02
6.383614999999999429e-02
5.252980000000001537e-02
4.871880000000000654e-02
2.493670000000000261e-02
4.775000000000000078e-02
3.673686000000000312e-02
4.480246000000000922e-02
7.699340000000000350e-02
3.681079999999999075e-02
3.908965000000000356e-02
3.076380500000001558e-02
4.892765500000000045e-02
2.849640000000001200e-02
5.752286500000001329e-02
4.192061500000000829e-02
7.791216000000000808e-02
8.033100000000001351e-02
3.255085000000000617e-02
8.704597000000000029e-02
3.240328150000000296e-01
2.128421000000000340e-01
1.720798000000000327e-01
1.549254000000000187e-01
1.466645999999999506e-01
1.909598399999999918e-01
2.278928400000000132e-01
1.194793000000000105e-01
8.010219999999998453e-02
1.010734999999999828e-01
3.759264000000000494e-01
7.154960000000001874e-02
6.036899999999999905e-02
1.261564000000000019e-01
1.590750000000000497e-01
1.268261999999999723e-01
1.136569000000000329e-01
1.399761000000000200e-01
6.649870000000000780e-02
1.510972999999999622e-01
8.911020000000001440e-02
3.672080000000000483e-02
5.903875000000002177e-02
6.099684999999999135e-02
9.430969999999996856e-02
4.947849999999998083e-02
8.328499999999999792e-02
5.516230000000002520e-02
6.015109999999998514e-02
5.851449999999995544e-02
5.350310000000001176e-02
5.629939999999998557e-02
5.866000000000003156e-02
3.808999999999997804e-02
5.667836999999997794e-02
2.585874000000001199e-02
5.014355999999998981e-02
4.006080000000003527e-02
6.844987000000000987e-02
5.095699999999998842e-02
3.700616999999996326e-02
5.027750000000000274e-02
3.130465000000000331e-02
5.571099999999997582e-02
1.156434000000000073e-01
7.631239999999998858e-02
1.765344999999999553e-01
1.119927000000000145e-01
1.915960999999999914e-01
1.164027999999999730e-01
5.596079999999996335e-02
2.084619500000000070e-01
1.441405500000000894e-01
3.086977500000001040e-01
1.214132499999999448e-01
1.194977000000000122e-01
1.250056000000000223e-01
1.488173999999999886e-01
2.475130500000000677e-01
1.145985800000000054e+00
3.440512500000000862e-01
1.180784999999999890e-01
3.472950999999999677e-01
4.033256600000000303e-01
1.952626399999999873e-01
1.869458999999999982e-01
9.273879999999998236e-02
1.623607999999999441e-01
1.260946599999999140e-01
2.408248999999996337e-02
1.483120199999999611e-01
1.372096299999999713e-01
1.295438999999999896e-01
1.308621999999999841e-01
1.753205599999999587e-01
6.945621999999999907e-02
4.543966926999999656e-02
5.626765927000000611e-02
6.454897450000005032e-02
