FramewiseDisplacement
6.640992499999999188e-01
2.601152000000001019e-01
1.340381999999999962e-01
4.355060000000000875e-02
4.920228999999999575e-02
6.693086999999998954e-02
6.001857400000001203e-02
8.494623610000000269e-02
9.463710990000000212e-02
7.205676519999999752e-02
4.209145479999999717e-02
2.071469999999999909e-02
2.373144000000000642e-02
6.716677999999999538e-02
8.263832000000000122e-02
6.941898300000001742e-02
2.591353299999999554e-02
5.843578000000000661e-02
7.805979500000000126e-02
3.479687500000000488e-02
6.271319000000002974e-02
4.427456500000000877e-02
4.707364999999998773e-02
3.049364999999997633e-02
4.319093499999999974e-02
3.725364999999999233e-02
4.164369999999999877e-02
1.966985000000000261e-02
5.089164999999999661e-02
2.070670000000001190e-02
3.022090000000000887e-02
3.376475000000001003e-02
9.770146999999999859e-02
5.917851999999999141e-02
3.616500000000000270e-02
8.405515000000000903e-02
9.189339000000000535e-02
4.121593999999999258e-02
8.673067000000000970e-02
4.697988000000001552e-02
2.186820000000001124e-02
5.647712000000000565e-02
4.110662000000001037e-02
2.120695000000000913e-02
4.243233100000000368e-02
2.439283100000001758e-02
5.660034999999999372e-02
6.989176999999999196e-02
8.151832999999999996e-02
4.371392999999998419e-02
6.166830000000001616e-02
9.207160999999999818e-02
9.050972500000002696e-02
4.996311500000001626e-02
2.335519999999997182e-02
4.169298999999997840e-02
1.658926000000001885e-02
7.289021999999997781e-02
3.225124999999998826e-02
2.449569999999998485e-02
2.049654999999998839e-02
4.846173999999997539e-02
6.853810999999998543e-02
1.003855999999999776e-01
6.591009999999998537e-02
5.057575000000000265e-02
1.453190000000002119e-02
2.052950000000000608e-02
3.330711500000001907e-02
2.278466499999999562e-02
2.893080500000001776e-02
4.339970999999998719e-02
4.005371499999997587e-02
2.389795000000001501e-02
5.361837500000002366e-02
6.391532500000000894e-02
1.765201999999999743e-02
3.473380000000001605e-02
5.123566799999999810e-02
3.687260800000000116e-02
4.324282000000003595e-02
5.576963000000000059e-02
2.198440500000001588e-02
2.908419500000002447e-02
5.087071000000001342e-02
3.399111999999999967e-02
4.365854999999998348e-02
4.537175000000001623e-02
4.921642500000002196e-02
7.008640259999997235e-02
7.406541759999998864e-02
5.974627999999999883e-02
5.530014000000000457e-02
7.602709000000000550e-02
6.072838300000000383e-02
3.432378300000000354e-02
4.085899999999997867e-02
5.277280000000000859e-02
4.310964999999999242e-02
2.426404999999999881e-02
5.805302899999999211e-02
7.397976900000000078e-02
3.596309000000000311e-02
3.577964999999998924e-02
7.221892999999998675e-02
3.900374999999998982e-02
4.797677500000001316e-02
6.342479499999999215e-02
1.023251100000000108e-01
4.947113999999998291e-02
4.982815000000000855e-02
4.849939300000000869e-02
8.145722799999999264e-02
9.413362499999999855e-02
8.537486950000000574e-02
5.489497449999999890e-02
4.942904000000000048e-02
1.105820349999999952e-01
9.677099950000001005e-02
6.531377350000000526e-02
4.914546499999999929e-02
6.491856999999999489e-02
9.391977999999999438e-02
7.638754000000000377e-02
2.540621499999999935e-02
4.247146499999999991e-02
2.786576749999999589e-02
6.029524750000000988e-02
6.887658000000000669e-02
2.787599899999999853e-02
4.073369899999999821e-02
2.591320499999999818e-02
3.981551500000000271e-02
9.711614000000000357e-02
9.748774000000000328e-02
9.825416000000000705e-02
6.967964999999999576e-02
5.450674999999999271e-02
4.630169999999999425e-02
2.614059999999999995e-02
1.573315000000000130e-02
7.822165000000000368e-02
8.481740000000000113e-02
3.898470000000000407e-02
6.157504999999999923e-02
8.029359999999999276e-02
6.500714999999999966e-02
1.184928499999999829e-01
6.475039999999999962e-02
4.864789999999999393e-02
1.123349999999999904e-01
6.216099999999999404e-02
7.992735000000000811e-02
5.350590000000000901e-02
6.289889999999999370e-02
1.049033999999999939e-01
8.328329999999999067e-02
5.880323000000001188e-02
5.463803999999999883e-02
5.991629000000001093e-02
7.747112000000001830e-02
5.026228000000000640e-02
6.316244000000000025e-02
6.779688999999999854e-02
8.882785999999999460e-02
7.003631000000000439e-02
7.667774999999998897e-02
3.283010000000000095e-02
5.880193000000000225e-02
1.006610000000000005e-01
1.290804799999999974e-01
8.540429999999998856e-02
3.921115000000000017e-02
5.330000000000000016e-02
5.553094999999999559e-02
6.799890000000000101e-02
4.690004999999999868e-02
7.899339999999997752e-02
7.712150999999999035e-02
4.169176000000000826e-02
7.760294999999998999e-02
6.313583500000000126e-02
8.167920000000002123e-03
3.356214500000000850e-02
4.904154099999999405e-02
5.097011100000000544e-02
5.615326000000000345e-02
3.182712999999999515e-02
8.149133999999999545e-02
5.668985499999999733e-02
6.299233999999999389e-02
6.679018999999999928e-02
5.059261499999998662e-02
4.372456999999999039e-02
6.860917649999999368e-02
6.833978649999998545e-02
6.362024999999998931e-02
5.315614999999999229e-02
6.303095000000000225e-02
1.404865000000000141e-01
1.029437500000000005e-01
6.668615000000001347e-02
1.050773499999999860e-01
4.872705000000000786e-02
5.370285000000000336e-02
4.692435000000000356e-02
4.756703999999999793e-02
2.127996000000000401e-02
5.095998000000000194e-02
6.437629999999999741e-02
3.714470000000000965e-02
4.592565000000000536e-02
4.147075000000000067e-02
4.395624999999999533e-02
4.563054000000000415e-02
5.998589000000000004e-02
7.094870999999999817e-02
9.617010999999998921e-02
2.551640000000000158e-02
7.356225000000000958e-02
3.060599999999998391e-02
4.512134999999999757e-02
4.007219999999997451e-02
6.225554999999999284e-02
5.280839999999999840e-02
9.357769999999999977e-02
8.417994999999998951e-02
6.623239999999999683e-02
7.035985000000000156e-02
5.080185000000000256e-02
1.614702000000000082e-01
7.527025000000001076e-02
1.052101500000000023e-01
5.918339000000000238e-02
1.112717899999999954e-01
4.428595000000000448e-02
1.345890000000000454e-02
3.215835000000000221e-02
6.452760000000000440e-02
