FramewiseDisplacement
8.590833599999998516e-01
1.046144899999999905e-01
1.562463000000001608e-02
4.846364999999999701e-02
5.160255000000001091e-02
7.504790000000000072e-02
7.143930000000001113e-02
6.473910000000000775e-02
2.972634999999999861e-02
5.754000000000000087e-02
1.034181000000000128e-01
1.162557000000000174e-01
8.562195000000000222e-02
1.136990999999999835e-01
6.687555000000000582e-02
4.240759999999999669e-02
7.135411000000002613e-02
6.462811000000000250e-02
6.055614999999998221e-02
4.390019999999998646e-02
1.795760000000000411e-02
4.742049000000000958e-02
5.033284000000001757e-02
6.836784999999999390e-02
5.439669999999999228e-02
3.711149999999999866e-02
6.736996000000000651e-02
6.952416000000001539e-02
5.377860500000000710e-02
7.731311999999999907e-02
5.134085999999999511e-02
4.473729499999998943e-02
5.718135499999998927e-02
8.431270499999998780e-02
7.695285500000000056e-02
7.749097000000002011e-02
7.053740000000000010e-02
4.937529999999999697e-02
3.144593999999999168e-02
4.344517999999999991e-02
4.621814500000000908e-02
3.307556000000001079e-02
4.848912999999999834e-02
8.039378999999999276e-02
7.138289999999999913e-02
1.914890000000001730e-02
5.403680000000000289e-02
6.782851499999999201e-02
5.955050499999998970e-02
5.109324000000001198e-02
4.703575000000000811e-02
3.080553999999999584e-02
2.684029999999999402e-02
4.265214000000000505e-02
5.994810000000000416e-02
9.291181999999997831e-02
8.547224999999999961e-02
6.513346999999999887e-02
6.951135999999999426e-02
7.959658999999999485e-02
5.648358999999999325e-02
6.022734999999999200e-02
6.888944999999999097e-02
5.211664999999998660e-02
8.314820999999998630e-02
9.816485999999997880e-02
6.882404999999999773e-02
6.296760000000001245e-02
8.660900000000000543e-02
8.857865000000000877e-02
8.484452000000000660e-02
6.705455999999999916e-02
6.815288999999999375e-02
5.854169200000000628e-02
8.273321699999999779e-02
1.016833410999999909e-01
6.481517610000001040e-02
5.496113000000001081e-02
5.045536000000000465e-02
4.983721000000000678e-02
9.168756999999999602e-02
1.027055249999999920e-01
1.101477150000000071e-01
4.456161000000000150e-02
2.781385000000000454e-02
5.611557000000000350e-02
8.489601550000001884e-02
6.979927549999999370e-02
5.670143000000000405e-02
5.968125000000000513e-02
6.831911000000000234e-02
6.077800999999999343e-02
6.168706999999999663e-02
5.627026999999999723e-02
1.826710000000000139e-02
6.676867499999999955e-02
7.512771000000000032e-02
1.029941450000000092e-01
1.068505599999999833e-01
6.427821000000000229e-02
5.348756000000000344e-02
4.425977999999999163e-02
3.664179000000000047e-02
4.483737000000000139e-02
5.693397999999999515e-02
6.008698999999999985e-02
3.041786000000000142e-02
7.728394999999999015e-02
6.527426999999999535e-02
7.201151999999998166e-02
5.228404999999999858e-02
4.063073399999999474e-02
2.053434399999999951e-02
9.467340000000000477e-02
5.752599900000000821e-02
3.767772800000000061e-02
6.390640899999999736e-02
5.671649000000000135e-02
1.181068249999999986e-01
9.832859000000000738e-02
9.054645199999999949e-02
1.499702719999999878e-01
1.084474299999999974e-01
8.999915999999999472e-02
8.450882000000001226e-02
5.842762800000000228e-02
1.087458810000000164e-01
1.068621920000000086e-01
1.074658840000000115e-01
1.200169999999999987e-01
1.061467199999999861e-01
9.387605000000000255e-02
4.323615000000000097e-02
2.786799499999999957e-02
1.458400349999999790e-01
8.945224999999999704e-02
4.261476599999999143e-02
5.540038400000000390e-02
1.093018999999999935e-01
2.333973000000000297e-02
6.685621449999999688e-02
5.702905450000000237e-02
6.537388999999999006e-02
5.412384000000000639e-02
4.333606000000000957e-02
6.105411000000000865e-02
5.796786000000000300e-02
5.001157999999999992e-02
5.426670000000000105e-02
4.220723000000000530e-02
6.343124999999999458e-02
5.054419999999999052e-02
1.046386539999999976e-01
6.995028899999999883e-02
9.195093499999999753e-02
2.790964599999999629e-02
3.829821550000000324e-02
5.604752650000000003e-02
7.678754200000000030e-02
9.385817500000000202e-02
5.998922000000000282e-02
8.792357000000000644e-02
6.994140999999999553e-02
6.219625000000000847e-02
6.801692399999999250e-02
6.919203399999999948e-02
5.458004999999999801e-02
4.957535999999999887e-02
4.994392999999999749e-02
5.562502000000001112e-02
4.275956000000000201e-02
7.101117999999999320e-02
3.268933000000000255e-02
2.892625000000000057e-02
4.028733500000000051e-02
7.334507500000000957e-02
3.576619999999999799e-02
5.604421000000000402e-02
1.254260999999999848e-01
1.720682900000000126e-01
4.138127999999999251e-02
5.079895999999999717e-02
6.790913200000001093e-02
6.655605200000000443e-02
4.688321000000000849e-02
5.514618999999999771e-02
4.578280000000001237e-02
4.490014999999999978e-02
2.732568999999999276e-02
7.241227999999999554e-02
5.642363000000000239e-02
8.259954999999999381e-02
6.123791000000000651e-02
3.062170999999999990e-02
5.102062999999999737e-02
5.454350999999998950e-02
6.259015999999999191e-02
4.619070000000000814e-02
5.395945000000000602e-02
3.028809999999999836e-02
3.848725000000000757e-02
3.340210000000000401e-02
7.367584999999998718e-02
5.713405000000000566e-02
7.716810000000000336e-02
7.484580000000000399e-02
6.954685000000000727e-02
2.427210000000000131e-02
4.388784999999999908e-02
3.524549999999999905e-02
6.657409999999999717e-02
1.242453499999999905e-01
1.003686499999999898e-01
7.643394000000000577e-02
7.418199000000000320e-02
1.120422499999999683e-01
6.008134999999999171e-02
5.602575000000000610e-02
7.096839999999998705e-02
7.122034999999998783e-02
6.286035000000000927e-02
5.429540000000000755e-02
7.628730000000000233e-02
6.770360000000001655e-02
7.624625000000000152e-02
8.347894999999999621e-02
7.168920000000000847e-02
6.708680000000001586e-02
6.623900000000000621e-02
7.073050000000001558e-02
4.808460000000000512e-02
1.091225500000000126e-01
8.643975000000000963e-02
6.576390000000000013e-02
7.873065000000001312e-02
6.232234999999999858e-02
5.161275000000000585e-02
3.373565000000001285e-02
7.499584999999998891e-02
