FramewiseDisplacement
8.368956599999999302e-01
1.397532100000000166e-01
5.144005000000000105e-02
6.065624999999999489e-02
5.830635000000001372e-02
2.821446000000001064e-02
5.534569000000000988e-02
4.052161999999998737e-02
3.758392000000000677e-02
6.609204000000001855e-02
8.931869999999998699e-02
5.022386999999998991e-02
6.433980000000000254e-02
8.329923999999999662e-02
3.488309000000001242e-02
5.795637504999998774e-02
3.681266504999998468e-02
4.820423999999999543e-02
5.150549999999998879e-02
5.851409999999999251e-02
5.609059999999999740e-02
6.152430000000001786e-02
5.251949999999999674e-02
4.493110000000000853e-02
4.531320000000001180e-02
8.408917000000000475e-02
5.417795000000000250e-02
2.454715999999999149e-02
7.890282549999999562e-02
6.686305549999999043e-02
4.268275999999999321e-02
9.136212999999999973e-02
9.844098000000001125e-02
5.475353000000000164e-02
8.665988000000000857e-02
9.533263000000001541e-02
7.586464999999999181e-02
5.472841999999999985e-02
7.739986199999999983e-02
8.640990199999999677e-02
9.031882000000000799e-02
8.470584999999998532e-02
7.748914999999997888e-02
4.388365000000000321e-02
4.675879999999999620e-02
5.798846000000000556e-02
2.014969000000001176e-02
6.020419999999999938e-02
4.083499000000000156e-02
2.457673999999999276e-02
7.113313000000000275e-02
3.217894999999999783e-02
7.244538449999998742e-02
2.344503949999999365e-02
1.016002550000000004e-01
4.493319000000000479e-02
5.589241999999999128e-02
6.482150999999999885e-02
4.972120000000001400e-02
1.133732000000000073e-01
1.049244499999999886e-01
3.170355000000000395e-02
8.914296999999998805e-02
6.770997000000002208e-02
3.977353000000000138e-02
7.206261350000001120e-02
1.007672464999999906e-01
2.065772999999999568e-02
5.229421999999998849e-02
6.103855999999999865e-02
2.285803999999999961e-02
3.811755499999999741e-02
3.790330500000000519e-02
6.323404500000000261e-02
8.635197499999999748e-02
2.417398999999999590e-02
7.597885999999999529e-02
8.673366999999999882e-02
8.473358000000000279e-02
3.973330999999999391e-02
6.093824199999998970e-02
4.364405199999998874e-02
2.110319999999998863e-02
5.824480000000001323e-02
4.474166000000001642e-02
4.637130999999999892e-02
6.449125000000001384e-02
9.265196499999998891e-02
7.350306499999999243e-02
5.711485999999999646e-02
5.975098999999999688e-02
4.767334999999999628e-02
5.853155999999999637e-02
4.695480000000000487e-02
5.913495999999998642e-02
6.727710000000000634e-02
9.757709999999999995e-02
5.833745000000000597e-02
9.222940000000000305e-02
3.305344000000000337e-02
5.969162499999999122e-02
1.391474149999999965e-01
9.936846000000000567e-02
8.930038000000001253e-02
4.597733999999999155e-02
3.222412500000000624e-02
1.186911000000000077e-01
8.261338000000001403e-02
7.053026499999999477e-02
9.407453000000000343e-02
4.455453999999999665e-02
5.799508500000000177e-02
9.806510499999999964e-02
1.042835900000000093e-01
8.221120999999999290e-02
5.354066200000000275e-02
5.921567700000000128e-02
3.240384000000000320e-02
2.640028000000000166e-02
4.408362600000000076e-02
5.848605099999999724e-02
2.578259499999999843e-02
4.835848499999999273e-02
6.732225999999999488e-02
8.013002599999999309e-02
4.347349400000000141e-02
8.715820000000002593e-03
4.438596000000000208e-02
7.846321000000000545e-02
3.481969999999999510e-02
7.438963999999999299e-02
9.572476000000001983e-02
3.260202000000000239e-02
8.304277999999999660e-02
1.068826400000000010e-01
8.381977000000000178e-02
2.896401000000000531e-02
7.804335499999998094e-02
1.175846350000000068e-01
7.779863999999998836e-02
5.149632999999999294e-02
2.442518000000000120e-02
6.441170000000000229e-02
1.018349899999999864e-01
8.034070999999999574e-02
7.003556999999999144e-02
1.159147049999999790e-01
1.036934550000000038e-01
7.885775999999998509e-02
8.533875399999998890e-02
4.858496899999999175e-02
5.085254999999999637e-02
4.131243000000000415e-02
2.180832000000000603e-02
4.957862000000000380e-02
7.189002500000002405e-02
3.711779000000000467e-02
9.482197000000000542e-02
2.065201899999999924e-01
2.723434999999999606e-01
9.295175999999999439e-02
1.174256399999999978e-01
2.140761900000000273e-01
1.758871499999999921e-01
5.285718999999999140e-02
2.110758500000000371e-01
1.575449499999999892e-01
5.158639999999999060e-02
1.264301999999999926e-01
2.140764400000000067e-01
1.912901899999999988e-01
8.434644999999998949e-02
7.144244999999999068e-02
7.942240000000000411e-02
4.558787700000000581e-02
8.223097699999999677e-02
1.444933099999999582e-01
1.222821099999999994e-01
1.175517499999999826e-01
2.053651700000000413e-01
6.305310999999996779e-02
8.314831000000003081e-02
1.080066400000000010e-01
1.425144399999999645e-01
7.151801000000002073e-02
3.296518999999999144e-02
7.901653000000000149e-02
1.152411100000000077e-01
1.305695600000000012e-01
1.301392099999999774e-01
6.917400000000001326e-02
5.034875000000001155e-02
4.199795000000003387e-02
2.954670000000000213e-02
6.446394999999997821e-02
5.880900000000002098e-02
1.355084100000000236e-01
6.734569000000002748e-02
7.823794000000000581e-02
2.856335999999997516e-02
8.298609999999996545e-02
8.076949999999999408e-02
3.670710000000002027e-02
7.396039000000001473e-02
5.420882000000003254e-02
7.726186999999999638e-02
9.256044999999997469e-02
3.539364999999997097e-02
8.224190000000003442e-02
1.264633000000000007e-01
6.651896999999998283e-02
6.225302999999997311e-02
2.231479999999997840e-02
6.100230099999999489e-02
5.268039100000000696e-02
4.194907599999997405e-02
6.824534000000000156e-02
6.410866599999999471e-02
9.613880999999999677e-01
7.431408000000000458e-01
3.031794500000000170e-01
1.096443999999999752e-01
6.788599999999997414e-02
2.711395999999997863e-02
5.966990999999999962e-02
1.241956299999999874e-01
4.514991999999998923e-02
8.147130999999999124e-02
1.039701699999999868e-01
6.567589999999999539e-02
9.951726999999997714e-02
1.183059699999999964e-01
8.332795999999999259e-02
5.141937000000001284e-02
6.986148999999999831e-02
4.839619999999999339e-02
3.699301999999998064e-02
5.991461999999999483e-02
1.010785938799999978e-01
