FramewiseDisplacement
2.359842500000000065e-01
1.934942000000000051e-01
1.219615500000000297e-01
7.806080000000002739e-02
8.048737000000000252e-02
5.279626999999997849e-02
4.208709999999999535e-02
8.980562999999999740e-02
1.168656500000000154e-01
1.376684699999999872e-01
6.756591499999999029e-02
8.955080499999998334e-02
7.497336999999996976e-02
6.169060999999997214e-02
1.119006499999999765e-01
1.122896099999999842e-01
3.213406999999997987e-02
5.982133000000000589e-02
3.136899999999999411e-02
9.621315000000001116e-02
1.172641999999999851e-01
7.411520000000001995e-02
2.197599400000000147e-01
3.535955199999999965e-01
1.225063700000000172e-01
1.130412799999999940e-01
4.338263000000003311e-02
7.752248999999995782e-02
7.918409000000002640e-02
8.753194999999999726e-02
1.127135999999999971e-01
1.585484499999999797e-01
8.555570000000002617e-02
5.599095000000001848e-02
1.073723600000000278e-01
2.863863999999999299e-02
9.757466999999997448e-02
5.452880000000001615e-02
7.524155000000000426e-02
6.887314999999998022e-02
6.578820000000000501e-02
1.153229499999999796e-01
5.952449999999999408e-02
1.096592999999999735e-01
9.216895000000001337e-02
7.758420000000001981e-02
1.345273999999999914e-01
4.790460000000001939e-02
8.632439999999998170e-02
7.874754999999999949e-02
6.952910000000001034e-02
7.226579999999999115e-02
9.391610000000000236e-02
3.849909999999999444e-02
2.545494000000000367e-01
2.297536999999999774e-01
1.994743600000000172e-01
1.093349099999999935e-01
6.843195000000000527e-02
5.304880000000001400e-02
1.183760545000000081e-01
6.290035450000000528e-02
6.645679999999999643e-02
5.289929999999998245e-02
7.269269999999999898e-02
9.590660000000003627e-02
7.974409999999998444e-02
7.831639999999998047e-02
9.192149999999998933e-02
1.381862899999999894e-01
8.722709999999997410e-02
2.128483600000000142e-01
1.125031500000000240e-01
1.024841900000000028e-01
1.859257600000000232e-01
4.090308000000000138e-02
6.635710000000001607e-02
5.548924999999998997e-02
1.883238500000000148e-01
2.251680000000000348e-01
3.152959999999999097e-02
7.237110000000000765e-02
1.529346500000000331e-01
8.693125000000000158e-02
8.018664999999999821e-02
7.455694999999998296e-02
1.753994499999999845e-01
2.142545000000000144e-01
3.934345000000000897e-02
1.304220799999999680e-01
6.645563999999998250e-02
1.168701399999999835e-01
6.539350000000000718e-02
6.354384999999998507e-02
6.307480000000000031e-02
6.063725000000002446e-02
8.861115000000001352e-02
1.528431849999999925e-01
1.401211149999999905e-01
7.982015000000002025e-02
6.779395000000001947e-02
7.313129999999999631e-02
1.000667500000000099e-01
2.060591500000000242e-01
1.458072860000000082e-01
1.827858910000000336e-01
1.905783749999999943e-01
1.004257650000000002e-01
1.789946850000000145e-01
1.414825399999999900e-01
1.148040749999999915e-01
1.847459750000000067e-01
5.122322000000001374e-02
4.120983000000000285e-02
1.384669249999999907e-01
1.306465349999999803e-01
1.831403000000000059e-01
2.185031350000000150e-01
3.963480000000000475e-02
2.645208059999999972e-01
1.442593158999999847e+00
1.735205950000000552e-01
1.463375789999999954e-01
1.488664839999999656e-01
2.600606180000000212e-01
2.438977749999999556e-01
1.288058250000000127e-01
9.004708100000001492e-02
8.936398099999993960e-02
1.281984599999999863e-01
2.379330599999999740e-01
1.417956949999999716e-01
7.099777499999999908e-02
1.773269199999999990e-01
1.994159269999999928e-01
5.275541300000002182e-02
2.219662099999999971e-01
2.783225300000000124e-01
1.731066999999999467e-01
1.190555500000000239e-01
1.743593199999999843e-01
2.062319699999999867e-01
5.252905000000000074e-02
1.263818999999999637e-01
1.997830000000000716e-01
1.162663999999999503e-01
1.650435199999999991e-01
2.501724999999999782e-02
7.116598000000001756e-02
6.631815000000000626e-02
2.765149115000000712e-01
2.375256114999999835e-01
1.466335900000000081e-01
4.026950000000002750e-02
1.019393900000000186e-01
1.262061099999999825e-01
1.419705399999999784e-01
4.588566999999998258e-02
9.374826999999999466e-02
7.977264999999997275e-02
4.257539999999996466e-02
2.830179999999996379e-02
3.973109999999997755e-02
4.121120000000001726e-02
4.796760000000001301e-02
7.539579999999999893e-02
7.407339999999999758e-02
4.364520000000000205e-02
4.010570000000000107e-02
1.037675400000000192e-01
1.813280000000000169e-01
1.408652699999999869e-01
2.187842900000000201e-01
1.322986500000000454e-01
1.769481799999999827e-01
1.997740199999999966e-01
1.024982399999999766e-01
9.317609999999999781e-02
1.309770499999999838e-01
3.157683500000000310e-01
1.102218849999999639e+00
2.610561000000000131e-01
1.402166500000000260e-01
1.672893499999999756e-01
5.597808000000000783e-01
4.596312999999999649e-01
5.420152499999999485e-01
2.087822700000000198e-01
6.992097000000001283e-02
1.754290000000000016e-01
1.005373900000000043e-01
1.214758400000000432e-01
1.444894499999999637e-01
1.279525700000000155e-01
1.025292199999999487e-01
1.719566799999999451e-01
1.527137700000000264e-01
1.180582000000000020e-01
8.912925000000000708e-02
8.837734999999999341e-02
1.319559499999999885e-01
1.327328500000000133e-01
1.028453499999999743e-01
1.237267500000000103e-01
1.362712699999999999e-01
1.209689700000000090e-01
6.408525000000001026e-02
5.927349999999996510e-02
8.982989999999999031e-02
1.629737300000000111e-01
1.708195799999999709e-01
7.909329999999999139e-02
4.139409999999996148e-02
7.416159999999999419e-02
4.414307000000000647e-01
2.291187500000000654e-01
4.485775000000000179e-02
3.849349999999997912e-02
2.572313000000000516e-01
3.406622999999999735e-01
1.529285499999999409e-01
2.931830999999999743e-01
5.843755000000000477e-02
1.414729999999999877e-01
1.845146339999999552e-01
9.446101599999995324e-02
8.508545000000000691e-02
6.017914999999998682e-02
1.635497999999999674e-01
2.815381499999999870e-01
9.877215000000000300e-02
2.090590999999999700e-01
5.254018500000000591e-01
6.169965000000002253e-02
9.385945000000002481e-02
2.329151999999999612e-01
2.539993999999999863e-01
2.564792000000000738e-01
5.380301500000007897e-02
