FramewiseDisplacement
4.485382500000000272e-01
1.739156000000000035e-01
4.631305000000001532e-02
9.213994999999999824e-02
1.347784499999999941e-01
1.213129500000000027e-01
1.512428000000000106e-01
1.715079999999999938e-01
1.383664000000000005e-01
1.491315000000000002e-01
1.201977600000000146e-01
3.760451000000000071e-02
8.213954999999999174e-02
1.166273500000000046e-01
1.542759999999999965e-01
1.389626299999999759e-01
9.399293000000000231e-02
1.250283499999999826e-01
2.313854499999999648e-01
1.309613000000000027e-01
1.182885599999999870e-01
1.301998600000000006e-01
7.012954999999998495e-02
1.337064999999999781e-01
1.798653500000000072e-01
1.061002999999999807e-01
1.475520400000000232e-01
1.009951900000000125e-01
2.010604000000000002e-01
1.186324299999999693e-01
1.200852800000000026e-01
1.636529500000000192e-01
1.508647000000000182e-01
4.452954999999998720e-02
1.887752000000000041e-01
2.193337499999999940e-01
2.041755600000000337e-01
1.389374999999999916e-01
6.300293999999999339e-02
9.662441999999998865e-02
1.245379199999999825e-01
1.831228000000000022e-01
1.971509999999999929e-01
1.218284000000000034e-01
9.664979999999999405e-02
5.618750000000000133e-02
6.584677999999999365e-02
1.194876799999999989e-01
1.202621999999999858e-01
1.221167000000000225e-01
4.229159999999999864e-02
1.728994500000000101e-01
1.390774499999999914e-01
1.971786400000000161e-01
1.198976399999999859e-01
5.149797999999999876e-02
1.703684799999999888e-01
1.389375499999999652e-01
6.121926000000000451e-02
1.450457099999999666e-01
1.841643000000000030e-01
8.975023000000001416e-02
8.052217999999999876e-02
6.452615000000000434e-02
1.288205199999999939e-01
1.672329200000000349e-01
2.291265000000000107e-01
1.421710499999999933e-01
6.022335000000000882e-02
1.532147700000000279e-01
2.914723699999999806e-01
1.279296000000000044e-01
1.582965000000000344e-01
1.240096499999999990e-01
4.308964999999999324e-02
1.451379499999999878e-01
1.301501999999999937e-01
1.399333099999999774e-01
4.492551000000001571e-02
8.890785000000001048e-02
2.091723999999999806e-01
1.674786999999999804e-01
7.296180999999998806e-02
3.401270000000000682e-02
1.323744599999999993e-01
1.182825999999999739e-01
9.497089999999998311e-02
5.659185000000000604e-02
2.117202099999999920e-01
1.625112600000000185e-01
1.297254999999999936e-01
1.135631999999999892e-01
5.639709999999999862e-02
1.272553499999999893e-01
1.729558499999999943e-01
1.429291799999999890e-01
1.513684800000000275e-01
1.328336500000000253e-01
2.246350999999999765e-01
2.227435000000000109e-01
1.784161000000000219e-01
1.952767000000000253e-01
8.944243000000001720e-02
1.464031699999999991e-01
1.800539499999999904e-01
4.925394999999997692e-02
9.666294999999998361e-02
7.244235000000001645e-02
1.373827899999999769e-01
9.255982000000001486e-02
1.136716100000000063e-01
1.906110199999999921e-01
2.122384199999999832e-01
1.160464999999999969e-01
1.071844099999999939e-01
1.188715200000000083e-01
1.601379299999999839e-01
1.768841999999999914e-01
1.067707650000000036e-01
1.337115070000000072e-01
2.681428080000000103e-01
1.545067199999999863e-01
1.516756700000000402e-01
1.272653200000000151e-01
1.463485469999999955e-01
2.759863470000000207e-01
1.662609499999999907e-01
6.193532000000000204e-02
1.778636200000000001e-01
1.699970999999999566e-01
5.182159999999998157e-02
1.490418999999999772e-01
1.399079500000000031e-01
6.014679999999997945e-02
5.150013999999998593e-02
1.386667899999999842e-01
2.385875000000000079e-01
1.948987499999999817e-01
6.966133399999999143e-02
3.264817160000000329e-01
9.729446340000000859e-01
3.235863860000000036e-01
1.761620800000000264e-01
2.161043200000000442e-01
7.619285000000003416e-02
8.425185000000003088e-02
2.504249600000000298e-01
1.844328200000000251e-01
1.546341699999999875e-01
1.233169900000000013e-01
1.392189600000000305e-01
7.868760499999999380e-02
5.656912999999998137e-02
2.092222950000000026e-01
8.706990000000000562e-02
3.862317000000000666e-01
3.366405999999999565e-01
5.844703049999999678e-02
2.240308994999999914e-01
2.064256550000000134e-01
2.143286450000000121e-01
1.173329500000000053e-01
4.979917000000000371e-02
1.710213699999999781e-01
2.321115900000000065e-01
1.469172500000000270e-01
1.338592199999999732e-01
6.169369499999999285e-02
1.243642979999999981e-01
1.805670930000000396e-01
1.433132099999999964e-01
9.155905000000000293e-02
1.041754000000000013e-01
8.117799999999998628e-02
2.428506900000000079e-01
2.939522099999999916e-01
3.035538500000000139e-01
1.871150000000000313e-01
2.090835600000000016e-01
2.028739500000000251e-01
2.600869100000000045e-01
1.542391999999999930e-01
1.648764500000000077e-01
1.891984199999999783e-01
2.469400999999999957e-01
1.625306499999999710e-01
1.302636000000000072e-01
7.094884999999996611e-02
9.763319999999998944e-02
1.121576499999999837e-01
1.648959700000000028e-01
9.911511999999995937e-02
8.924495000000000344e-02
2.039511800000000097e-01
2.375728500000000021e-01
1.444029299999999849e-01
1.249448100000000172e-01
4.110076000000000701e-02
1.711399799999999971e-01
1.896054400000000140e-01
1.526466300000000054e-01
1.949886699999999751e-01
1.867409999999999903e-01
1.141287500000000010e-01
1.387412000000000367e-01
1.545682499999999904e-01
1.652058999999999889e-01
1.063370200000000182e-01
1.899741300000000466e-01
3.014561099999999993e-01
7.992493999999998600e-02
2.271301499999999751e-01
1.925741200000000153e-01
1.301070200000000177e-01
5.893815000000000859e-02
5.518225000000000907e-02
1.656246000000000385e-01
1.935185499999999836e-01
2.406739999999999921e-02
1.163371099999999936e-01
1.822376100000000221e-01
1.543451000000000128e-01
1.245343000000000006e-01
9.283474000000002668e-02
1.781351899999999711e-01
1.673113999999999713e-01
2.125177499999999775e-01
1.845098099999999963e-01
9.740790000000001947e-02
1.029515400000000358e-01
1.540018229999999821e-01
1.646127229999999886e-01
1.142790999999999946e-01
8.803708000000001754e-02
1.868420800000000215e-01
1.549903499999999712e-01
1.038063500000000194e-01
1.190058000000000227e-01
9.763883999999999064e-02
