FramewiseDisplacement
2.803483500000000239e-01
4.081649999999996392e-02
5.739595000000000113e-02
5.717145000000007499e-02
9.007764999999999522e-02
1.028865000000000474e-01
1.718810000000001170e-02
4.857184999999994424e-02
2.750604999999995554e-02
6.201670000000002875e-02
3.454940000000010503e-02
2.601070000000007404e-02
7.430185000000003037e-02
5.636405000000004745e-02
6.310035000000005501e-02
3.767185000000007611e-02
4.208005000000009099e-02
7.526764999999994987e-02
6.660463499999998149e-02
2.432170850000000273e-01
2.345614999999999228e-01
1.396877849999999532e-01
2.112979649999999487e-01
5.187252499999999156e-01
1.317845500000000281e-01
1.987276500000000057e-01
1.142954500000000206e-01
7.601455000000001405e-02
6.970820000000002570e-02
5.413280000000002951e-02
4.057450000000003415e-02
6.533740000000001769e-02
4.151780000000000054e-02
4.320339999999997516e-02
5.684055000000004521e-02
5.159939999999996196e-02
5.669669999999998183e-02
4.216559999999997671e-02
6.973115000000003338e-02
8.074449999999953539e-03
5.546699999999995384e-02
9.625144999999997453e-02
4.709135000000003179e-02
2.809370000000000617e-02
5.550055000000001654e-02
4.275084999999999302e-02
4.032304999999998529e-02
2.000570000000001861e-02
5.130124999999999269e-02
2.906859999999997224e-02
4.561405000000003096e-02
6.612404999999998978e-02
6.038195000000000368e-02
2.179049999999999390e-02
3.811599999999998323e-02
4.764920000000000960e-02
1.519695000000003196e-02
3.674419999999999076e-02
9.731185000000000529e-02
8.417540999999997831e-02
4.963756000000000418e-02
3.705435999999999452e-02
3.960900000000000531e-02
3.238890999999999298e-02
2.633360999999997953e-02
5.745250000000003132e-02
6.270381999999999345e-02
1.033736199999999855e-01
3.522980000000001249e-02
6.720057499999999850e-02
4.172071499999999850e-02
4.371668999999998168e-02
1.884329099999999813e-01
1.607924499999999757e-01
5.162651750000000206e-01
1.619691369999999853e-01
4.090944680000000444e-01
2.620594900000000060e-01
4.530150499999999747e-01
3.712370500000000129e-01
1.240238500000000049e-01
1.002950900000000034e-01
6.041986400000000090e-01
2.820047999999999444e-01
1.599736899999999740e-01
1.411755650000000306e-01
1.666006300000000273e-01
1.395609800000000011e-01
7.033246499999999679e-02
5.080908999999998732e-02
6.699622000000000910e-02
1.958303699999999758e-01
3.175286800000000076e-01
8.698708000000002216e-02
1.189529499999999879e-01
7.277214999999999379e-02
4.956854999999998901e-02
8.767890000000000406e-02
6.758009999999999018e-02
1.212782950000000082e-01
1.139845950000000219e-01
5.573865000000001457e-02
3.447226000000001150e-02
6.226669000000000648e-02
1.701779300000000050e-01
9.700519999999998588e-02
4.042042999999999608e-01
2.038362499999999966e-01
1.307210500000000053e-01
1.289970000000000006e-01
1.423694000000000071e-01
1.781646500000000077e-01
1.191610300000000150e-01
3.326865799999999540e-01
1.952350499999999933e-01
7.143999500000000613e-02
4.070026499999999936e-02
6.431974000000001412e-02
3.359325000000000505e-02
6.114106600000000780e-02
3.464205100000000009e-02
8.325901499999999178e-02
6.182044500000000165e-02
4.738763000000000003e-02
4.208381499999999664e-02
6.641726999999998660e-02
4.790414999999999951e-02
2.518976999999999675e-02
3.188168499999999989e-02
7.443815999999998934e-02
5.598592000000000152e-02
5.334681349999998989e-01
1.498156399999999999e-01
3.871759600000000412e-01
1.531165549999999875e-01
7.487900399999999901e-02
1.510322259999999917e-01
2.298921350000000252e-01
1.383324250000000089e-01
4.911259550000000029e-01
1.265467000000000397e-01
1.914316999999999824e-01
9.915026999999998480e-02
1.406172800000000112e-01
8.427579499999998669e-02
7.295836499999999725e-02
5.548037999999999581e-02
4.571444999999998288e-02
4.783731500000001913e-02
5.936580999999997721e-02
4.247215000000001406e-02
3.864151500000000128e-02
3.847856499999999930e-02
3.823038500000000561e-02
3.486676500000000095e-02
4.938744499999998816e-02
5.075254000000002652e-02
6.447192999999998286e-02
3.190548999999999469e-02
4.749745399999999451e-01
2.328746300000000269e-01
1.206858799999999954e-01
1.183455499999999661e-01
4.590654999999999736e-02
7.373904000000000569e-02
5.897181500000001075e-02
8.981360499999997693e-02
8.688555000000000583e-02
8.289838500000001886e-02
6.800915000000000432e-02
8.665703499999999337e-02
3.070224999999999344e-02
7.090910999999999742e-02
8.860985999999999863e-02
1.716056299999999812e-01
4.736170000000001212e-01
3.438011499999999998e-01
1.942622000000000793e-01
1.924421000000000048e-01
1.044385999999999926e-01
1.202218999999999649e-01
1.096701000000000065e-01
8.074084999999998902e-02
4.235205000000000913e-02
7.371479999999998312e-02
9.798720000000001040e-02
6.365855200000002101e-02
4.907908600000002175e-02
6.916206199999999638e-02
3.332797000000004006e-02
5.243544999999999456e-02
6.490453999999999668e-02
4.163601499999996375e-02
4.712825300000002271e-02
2.833109200000004033e-02
6.760411000000003667e-02
7.664610000000005030e-02
6.626436000000000826e-02
4.284419500000002934e-02
2.769623499999999267e-02
4.836893200000001031e-02
3.219717719999999339e-01
2.736239300000000707e-01
4.699696999999999347e-01
1.017119000000000079e-01
4.619628500000000360e-01
2.549056000000000100e-01
5.595390500000000378e-01
5.975387050000000588e-01
1.897592049999999586e-01
9.438030000000000030e-02
3.684525499999998649e-02
5.400848999999997846e-02
7.088551499999999617e-02
8.011724499999997584e-02
2.820798999999999182e-02
4.520599999999999619e-02
3.429620000000000585e-02
6.070490499999998957e-02
3.515130000000001032e-02
3.039049999999999044e-02
3.545720000000000122e-02
4.014004999999998963e-02
6.167990000000000972e-02
5.580485000000001694e-02
9.199730000000000407e-02
4.288844999999998076e-02
8.692500000000001614e-02
4.328135000000000315e-02
9.703625000000000445e-02
2.857565000000000799e-02
5.229504999999999570e-02
2.184889999999999888e-01
8.710895000000000443e-02
5.078055000000000069e-02
6.933945000000001080e-02
7.383405000000001217e-02
6.877083500000003013e-02
1.833973149999999774e-01
