FramewiseDisplacement
4.373755499999999463e-01
1.687209999999999821e-01
1.586648999999999976e-01
4.328840000000000465e-02
8.150090000000000112e-02
1.044583000000000178e-01
1.624473999999999918e-01
3.169681499999999486e-01
1.508228000000000069e-01
1.815325799999999989e-01
6.732177000000001688e-02
1.087770000000000126e-01
5.150604999999999767e-02
7.126530000000000364e-02
3.035300000000000498e-02
2.955430000000000557e-02
1.546279999999999703e-02
1.113094800000000023e-01
2.133377699999999821e-01
1.488454999999999917e-01
2.464527000000000245e-01
1.400186499999999667e-01
1.355258500000000033e-01
1.190892000000000062e-01
1.578426300000000393e-01
7.856442000000000980e-02
6.680255000000000221e-02
7.023070000000002089e-02
2.218486999999999820e-01
1.298895999999999940e-01
1.183538999999999980e-01
1.879494000000000165e-01
7.881400999999998991e-02
4.921158999999998562e-02
8.090329999999999744e-02
9.923099999999998588e-02
1.182931269999999979e-01
9.141887299999999772e-02
6.171949999999998965e-02
5.248121000000000036e-02
6.756877000000000022e-02
1.002604100000000081e-01
2.067457500000000337e-01
1.617599000000000120e-01
1.835291000000000006e-01
5.264194999999999292e-02
1.133596000000000048e-01
1.464521500000000032e-01
1.040789000000000297e-01
1.194774499999999989e-01
1.463466499999999948e-01
1.130005000000000037e-01
6.357354999999999257e-02
7.845935000000001103e-02
1.009993000000000002e-01
8.269060000000000299e-02
1.434150999999999898e-01
1.616576000000000124e-01
1.221323300000000112e-01
1.269002799999999764e-01
1.060534489999999663e-01
1.926061709999999927e-01
8.014471800000001755e-02
1.710832750000000069e-01
1.282203170000000003e-01
5.220289300000001409e-02
9.084083699999999373e-02
1.226624599999999732e-01
3.500448500000000185e-01
2.226071300000000142e-01
1.344188600000000011e-01
1.954700300000000168e-01
1.505785500000000054e-01
1.376542000000000043e-01
8.590074999999999794e-02
1.424422499999999647e-01
9.838545000000001317e-02
1.322300650000000077e-01
1.372091249999999873e-01
1.967137499999999650e-01
2.041702600000000478e-01
8.705134500000001607e-02
7.643740499999998605e-02
1.035415849999999915e-01
1.322396150000000048e-01
1.498791500000000165e-01
2.293558000000000263e-01
1.786952399999999774e-01
6.914577399999999319e-02
1.321158660000000262e-01
8.830818499999999738e-02
1.100193149999999925e-01
2.167243799999999943e-01
1.995881299999999747e-01
1.609503600000000145e-01
1.017369899999999994e-01
1.495414199999999805e-01
9.178559299999999865e-02
6.712700699999998855e-02
1.838234399999999144e-02
9.972387000000002000e-02
3.569904000000000827e-02
8.114277000000000295e-02
2.882158300000000062e-01
2.535061499999999857e-01
1.363529250000000137e-01
2.080216849999999840e-01
1.949756150000000188e-01
1.300486500000000156e-01
3.785625399999999474e-01
2.915507749999999842e-01
8.902159500000002279e-02
2.896513199999999899e-01
1.509133749999999607e-01
1.117070099999999955e-01
8.934407499999999502e-02
1.180843649999999967e-01
8.224572999999998912e-02
1.063992600000000094e-01
1.072683420000000026e-01
1.565444340000000101e-01
1.324491500000000155e-01
1.368371550000000159e-01
2.270125899999999586e-01
1.341387450000000037e-01
1.028764400000000134e-01
2.124868900000000116e-01
2.439454799999999923e-01
1.549542700000000051e-01
7.395353000000001731e-02
8.321494499999999850e-02
1.533053349999999870e-01
1.199097099999999888e-01
1.279505300000000068e-01
1.160712300000000113e-01
9.016881000000000201e-02
8.294685999999999726e-02
1.509665030000000019e-01
1.014225980000000027e-01
1.579031550000000172e-01
8.471899999999998876e-02
1.111134799999999867e-01
1.829780100000000242e-01
1.621402599999999805e-01
1.124683750000000093e-01
1.470248900000000192e-01
1.225667950000000062e-01
1.798805519999999714e-01
1.559425169999999750e-01
5.107694999999997515e-02
1.176223150000000189e-01
1.107081449999999939e-01
8.432658999999999294e-02
1.714581450000000062e-01
1.236631900000000062e-01
8.554896000000000722e-02
9.095741500000001367e-02
1.271678499999999989e-01
1.425292799999999804e-01
8.558461999999998626e-02
1.962015450000000050e-01
2.004889560000000237e-01
7.357324099999998368e-02
6.995424999999999560e-02
1.659472549999999880e-01
7.984741500000000491e-02
8.910099500000000228e-02
1.668709550000000152e-01
1.105600000000000055e-01
8.679899500000000379e-02
7.604894499999999280e-02
6.955100499999997132e-02
1.195103549999999848e-01
9.875999999999998669e-02
1.109672500000000311e-01
8.239954999999997420e-02
8.233166499999999832e-02
1.635222900000000146e-01
1.901278900000000216e-01
3.221912299999999951e-01
1.859607499999999802e-01
9.505274499999999405e-02
9.843204499999999579e-02
4.057010999999999812e-01
1.313450000000000173e-01
2.082422500000000176e-01
9.535158000000000522e-02
1.064279300000000039e-01
1.095492050000000245e-01
1.494521600000000006e-01
1.705556049999999990e-01
4.362768000000000757e-01
2.581720500000000973e-01
2.370406600000000419e-01
1.056707900000000006e-01
1.129956300000000136e-01
9.387086999999999515e-02
1.189770000000000272e-01
7.030269999999998187e-02
3.834651000000000726e-02
5.550314000000002024e-02
6.962031000000000469e-02
9.861828000000003036e-02
1.244526299999999808e-01
6.247435000000000488e-02
9.069489999999998109e-02
1.555680499999999855e-01
1.100737000000000104e-01
1.126025000000000220e-01
2.732013000000000497e-02
7.481511000000001799e-02
7.729012999999999856e-02
1.028779500000000097e-01
9.133515000000001771e-02
2.182021499999999559e-01
1.665399499999999644e-01
1.108481500000000064e-01
2.247049999999999742e-02
1.401948799999999939e-01
9.959082999999997743e-02
1.318888500000000297e-01
1.900517700000000088e-01
1.970833200000000063e-01
2.162101399999999674e-01
6.541844999999996135e-02
9.449537999999997606e-02
6.461167000000000993e-02
6.908258999999997152e-02
1.041418099999999736e-01
7.754070999999999880e-02
1.203978700000000179e-01
7.333404999999997009e-02
9.150104999999998656e-02
1.006800999999999530e-01
1.319342499999999474e-01
8.504537000000000901e-02
3.793321000000002274e-02
9.423996000000001150e-02
1.394808200000000054e-01
