FramewiseDisplacement
2.273202699999999910e-01
1.169965200000000344e-01
1.440954500000000138e-01
1.191041500000000336e-01
8.793525000000002034e-02
8.181828000000000711e-02
2.080908630000000148e-01
9.890129300000001511e-02
8.283484999999998766e-02
6.021485699999999663e-02
2.242531069999999516e-01
1.122676599999999913e-01
9.237302999999996711e-02
4.892027199999995912e-02
5.597572200000000553e-02
7.789036899999998709e-02
6.859995999999998761e-02
1.149826149999999686e-01
9.197639400000000298e-02
4.894597999999999310e-02
8.058644999999999003e-02
7.051293300000001374e-02
1.085200830000000449e-01
9.272143999999999942e-01
4.415640499999999857e-01
1.738836300000000112e-01
1.400993899999999903e-01
7.850477700000000336e-01
3.798405599999999382e-01
1.238656999999999953e-01
2.963622499999999382e-01
1.841865500000000599e-01
2.195294499999999593e-01
7.969470000000000720e-02
5.454145000000000520e-02
8.014024999999998233e-02
1.780641000000000307e-01
9.660870000000001956e-02
1.427043500000000076e-01
7.987606699999999504e-01
4.289494699999999439e-01
1.963455299999999903e-01
1.578356300000000323e-01
1.003521499999999872e-01
6.857694999999998375e-02
5.746250000000001357e-02
7.677239999999999065e-02
7.278499999999998860e-02
5.063589999999999758e-02
5.474775000000000474e-02
8.748592999999998954e-02
7.586020000000000263e-02
1.100163700000000300e-01
1.282993999999999524e-01
7.698934999999999806e-02
8.276640000000000386e-02
5.311794999999995548e-02
1.904638000000000719e-01
2.975927199999999773e-01
4.255604300000000451e-01
2.613727600000000373e-01
2.096763900000000180e-01
9.355174999999997520e-02
1.029381999999999936e-01
2.755170499999999578e-02
4.977109499999998743e-02
1.044833500000000026e-01
8.203297000000001060e-02
1.603740900000000247e-01
5.683532500000001292e-02
5.258204499999999393e-02
1.378073899999999741e-01
1.099093900000000096e-01
7.569079999999998865e-02
1.243011500000000269e-01
4.236299999999999788e-02
4.132477999999999152e-02
8.375118499999997801e-02
1.285123149999999881e-01
3.719641500000002432e-02
1.312258149999999957e-01
1.241580000000000183e-01
5.721408299999998504e-02
1.238093319999999942e-01
5.746820000000001094e-02
1.350475999999999899e-01
8.758130000000000082e-02
8.160283500000001244e-02
7.836228200000000532e-01
6.635618500000001196e-01
2.112041500000000072e-01
2.930917450000000146e-01
2.776939050000000186e-01
1.352973000000000092e-01
1.058726999999999863e-01
3.343620800000000060e-01
1.883706200000000441e-01
6.892049999999999566e-02
5.620789999999997039e-02
7.278686000000002265e-02
1.352220600000000050e-01
9.803634999999999433e-02
6.718460000000002486e-02
4.376254999999998341e-02
1.033659999999999995e-01
1.106477499999999753e-01
1.168997800000000226e-01
4.287966999999997392e-02
1.358647500000000341e-01
1.502787499999999332e-01
1.310479999999999978e-01
1.465892300000000148e-01
9.034993000000000885e-02
6.116744999999998433e-02
1.331336499999999923e-01
2.577050499999999911e-01
9.299918499999999810e-02
1.766188249999999793e-01
4.706696999999999964e-02
1.551704000000000139e-01
7.280170600000000769e-02
1.076099490000000103e-01
2.035771149999999752e-01
4.318115000000000842e-02
1.460793999999999704e-01
1.250218499999999899e-01
7.738510000000001221e-02
1.797015475000000029e-01
1.093709125000000004e-01
6.616468000000000349e-02
8.200383100000001313e-02
1.328729889999999969e-01
2.503646899999999453e-01
2.002023000000000275e-01
4.673895899999999659e-01
3.062679999999999847e-01
1.343977499999999825e-01
1.235918600000000533e-01
1.802770499999999665e-01
1.426525400000000221e-01
9.628639000000001336e-02
2.736958700000000078e-01
9.136849999999997751e-02
7.911454999999999183e-02
7.688404999999998157e-02
1.785792000000000213e-01
7.204609000000003483e-02
9.240403999999999285e-02
9.233964999999996759e-02
1.498332699999999351e-01
8.658530999999992928e-02
2.014378100000000227e-01
2.293766500000000153e-01
1.079536600000000068e-01
1.704105100000000150e-01
1.144567499999999960e-01
4.444449999999999790e-02
8.018559999999996801e-02
2.054148499999999822e-01
1.932598499999999830e-01
7.640589000000000408e-02
1.483360899999999760e-01
8.995050000000000268e-02
1.767166100000000240e-01
2.829694600000000060e-01
1.459695000000000298e-01
1.814378199999999719e-01
7.428704999999999337e-02
2.006463899999999523e-01
2.540750999999999982e-01
1.238837400000000061e-01
8.831964000000000481e-02
8.388645000000000129e-02
1.874895699999999943e-01
1.299240899999999921e-01
1.673088999999999826e-01
1.887623299999999782e-01
1.612023300000000048e-01
8.538100000000001244e-02
1.644654100000000063e-01
4.672518099999999897e-01
1.101494999999999835e-01
3.104569099999999748e-01
1.471273000000000164e-01
1.347333799999999859e-01
1.549814700000000101e-01
2.464475131550000475e-01
1.225583068449999785e-01
7.780998999999999555e-02
8.909366999999999981e-02
1.309208299999999880e-01
1.244435100000000072e-01
3.529000800000000049e-01
1.555879200000000184e-01
2.262031200000000075e-01
1.436718899999999965e-01
1.262877599999999989e-01
1.448148699999999844e-01
1.131361200000000067e-01
9.365574000000000121e-02
1.570822999999999803e-01
1.123542200000000185e-01
8.813172000000002448e-02
1.153042449999999858e-01
1.172449750000000152e-01
1.707813999999999721e-01
1.472312400000000132e-01
2.384705100000000522e-01
2.280528599999999961e-01
2.031124700000000172e-01
5.105045999999999196e-02
6.429200000000001580e-02
1.720066450000000136e-01
3.355188999999999533e-01
8.411186000000003826e-02
1.087994400000000667e-01
5.084360000000003044e-02
5.122079999999998301e-02
1.588872949999999284e-01
8.834325000000003980e-02
2.388675000000000659e-01
1.497232000000000007e-01
6.439234499999998973e-02
6.898199499999999040e-02
2.097479700000000336e-01
1.972505700000000417e-01
1.331117000000000272e-01
2.631686000000000303e-01
4.702219999999999317e-02
3.063115499999998631e-02
5.247429499999999719e-02
8.330799999999997929e-02
1.222811999999999788e-01
1.664774499999999990e-01
2.127309000000000005e-01
5.117395000000000138e-01
2.286978000000000344e-01
1.263125499999999679e-01
3.659345620000000188e-01
