FramewiseDisplacement
3.823432999999999415e-01
1.009402000000000355e-01
6.421840000000005044e-02
5.329280000000001516e-02
2.368180000000000979e-02
4.857361100000005816e-02
8.008041100000004575e-02
3.384089999999998627e-02
4.930619999999995284e-02
5.564249999999999058e-02
2.698519000000001306e-02
7.436318999999996793e-02
6.449869999999999215e-02
4.570939999999999725e-02
5.606930000000007186e-02
4.588469999999998661e-02
5.104379999999998641e-02
5.262945999999999597e-02
3.180875999999997761e-02
3.149080000000001323e-02
9.037800000000007286e-03
4.348861999999995703e-02
3.600255999999998208e-02
3.368496000000003460e-02
5.996259999999999091e-02
4.322504999999999403e-02
1.294685499999999601e-01
1.603128599999999737e-01
3.778229000000002391e-02
6.562106999999994805e-02
5.206961000000001616e-02
3.133831000000001504e-02
3.709457999999999506e-02
8.166450000000002873e-02
7.667966999999997757e-02
6.468558000000000641e-02
4.827471999999998625e-02
3.178742999999996377e-02
1.148729999999997461e-02
6.215599999999996822e-02
5.537209999999999355e-02
4.547000000000000347e-02
6.137240000000005608e-02
9.485515999999996617e-02
5.025025999999997717e-02
4.553320000000000978e-02
5.579169999999998575e-02
6.852450000000000208e-02
8.070649999999995883e-02
1.009041999999999439e-01
5.304930000000002144e-02
1.271598999999999924e-01
7.124830000000006991e-02
1.110042700000000437e-01
6.901097000000000481e-02
4.091969999999999635e-02
5.481409999999994898e-02
2.089030000000000400e-02
3.467280000000001056e-02
6.572459999999993863e-02
5.715139999999994946e-02
4.880090000000004979e-02
3.776149999999994789e-02
4.659780000000000866e-02
4.678680000000000339e-02
4.889860000000000734e-02
8.931510000000002225e-02
4.505835999999995012e-02
8.002638000000000806e-02
9.723981000000000985e-02
6.783921399999995328e-02
8.594990399999999364e-02
5.250240000000000462e-02
9.255422899999997399e-02
1.018546400000000102e-01
4.818526800000000332e-02
4.085307900000000741e-02
2.306190000000001017e-02
4.971801100000001333e-02
7.149762099999999732e-02
5.373118999999998424e-02
4.020544999999998981e-02
1.010054999999999981e-01
9.815328000000000941e-02
4.439631999999998913e-02
4.453046000000000088e-02
4.148374999999999285e-02
7.917884000000000033e-02
5.765591000000000466e-02
8.432609999999998718e-02
5.321894999999999404e-02
4.939865000000000228e-02
7.968650500000000469e-02
5.097817500000000751e-02
5.096607200000000115e-02
3.679316200000001119e-02
8.721185500000001867e-02
5.953535500000001202e-02
4.659724999999999978e-02
3.639799999999999980e-02
5.733812000000000630e-02
3.087176999999999630e-02
3.512619000000000158e-02
3.698573000000000138e-02
4.008193999999998952e-02
6.630097999999999547e-02
6.374244999999999217e-02
3.878439000000000192e-02
4.789703999999999490e-02
2.520324999999999649e-02
3.040901999999999494e-02
5.930307999999999413e-02
7.992215000000001124e-02
5.075855000000000644e-02
1.880320500000000061e-01
1.570279799999999837e-01
8.677062500000000400e-02
1.399158249999999937e-01
1.095635949999999859e-01
6.016347200000000256e-02
6.537897200000000741e-02
9.148421500000000761e-02
5.217402999999999624e-02
9.215678999999998844e-02
3.757309999999999123e-02
7.404919999999999558e-02
4.175670000000000770e-02
1.275591999999999837e-01
4.049284999999999690e-02
1.707110000000000918e-02
1.005475499999999994e-01
5.163490000000000441e-02
5.903889999999999832e-02
5.749394999999998812e-02
1.682905000000000165e-02
6.368394999999998918e-02
1.709064999999999543e-02
5.567864999999998926e-02
3.831235000000000890e-02
7.371975000000000056e-02
5.446154999999998358e-02
2.836039999999998701e-02
5.076065000000000438e-02
4.824890000000001816e-02
2.931604999999999628e-02
4.557189999999999158e-02
5.010685000000000139e-02
2.916370000000001114e-02
4.440264999999998796e-02
8.923595000000000832e-02
1.129916000000000115e-01
1.335829499999999781e-01
1.141214499999999993e-01
8.284774999999999778e-02
1.010787300000000055e-01
1.292767799999999800e-01
4.399505999999998862e-02
5.188030999999999893e-02
5.241980000000000250e-02
6.724547000000001551e-02
5.460272000000002124e-02
6.817669000000001200e-02
6.983944999999999736e-02
5.266812799999999462e-02
7.545942799999999506e-02
6.331770000000001841e-02
6.237364999999998882e-02
3.818929999999999547e-02
3.235505049999997523e-02
6.188624950000000402e-02
3.010871999999999160e-02
6.723231999999998432e-02
8.645529999999998494e-02
2.736580000000000956e-02
4.274239999999998596e-02
2.878543999999998854e-02
3.077222499999999680e-02
5.068976499999998386e-02
7.281109999999998972e-02
1.031820000000000653e-02
6.708544999999999092e-02
6.435941999999998664e-02
4.734138000000000235e-02
9.494585000000001218e-02
9.126105000000001022e-02
3.706834999999999991e-02
4.318829999999999891e-02
4.541675000000001267e-02
6.224384549999997795e-02
5.246405450000002357e-02
4.165890000000000565e-02
5.394725000000000215e-02
3.651384999999999353e-02
5.144110000000001043e-02
5.353995000000000282e-02
5.318014999999999548e-02
5.204955000000001386e-02
6.775619999999997478e-02
2.184750000000000580e-02
5.134190000000002363e-02
3.617170000000000107e-02
3.537005000000000704e-02
4.447355000000000058e-02
1.197599999999997798e-02
2.407504999999998674e-02
4.416910000000001668e-02
7.607845000000001967e-02
2.160205000000001846e-02
8.269524999999999793e-02
4.803174999999998418e-02
8.851654999999999940e-02
4.309629999999999017e-02
7.904095000000001259e-02
4.647810000000000136e-02
5.740209999999999063e-02
3.707454999999998391e-02
6.661214999999998110e-02
1.038845300000000027e-01
1.009612799999999727e-01
1.110348999999999642e-01
6.639000000000000457e-02
7.511359999999998871e-02
8.029615000000002445e-02
8.764364999999998962e-02
5.995760000000000672e-02
3.788095000000002432e-02
3.202600000000001973e-02
4.957704999999999057e-02
6.165741999999999057e-02
9.552175000000001637e-02
6.558813699999999081e-02
8.601418299999999406e-02
1.047794600000000326e-01
6.247769999999999713e-02
6.544559999999999267e-02
5.074125000000000857e-02
8.883550000000001168e-02
6.170174999999999271e-02
3.933134999999998715e-02
