FramewiseDisplacement
2.287200499999999803e-01
3.991093000000001112e-01
1.101921499999999748e-01
1.743384500000000059e-01
2.949569499999999955e-01
9.459469999999998990e-02
8.227890000000000204e-02
1.761214000000000113e-01
1.860128999999999533e-01
1.697689000000000281e-01
2.364270000000000538e-01
3.681896600000000297e-01
1.665736600000000678e-01
9.626350000000000184e-02
1.431543100000000346e-01
1.345908100000000052e-01
3.125219000000000191e-01
3.106275000000000563e-01
8.707740000000008251e-02
3.416242400000000234e-01
2.454549800000000448e-01
4.681828599999999785e-01
4.570895999999999848e-01
4.527137999999999440e-01
6.696857999999998867e-01
3.396131999999999485e-01
1.843158700000000205e-01
2.514755799999999208e-01
5.749608500000000788e-01
3.348497000000000834e-01
6.361204999999999776e-01
7.002606699999999185e-01
8.171735700000000158e-01
7.048113699999999371e-01
1.819978164999999759e+00
6.757413549999999880e-01
2.857158200000000092e-01
4.251378299999999388e-01
5.698488799999998911e-01
4.365408799999999090e-01
5.449813000000001129e-01
3.208357599999999143e-01
2.647070599999999940e-01
2.555495100000001463e-01
2.267326600000000303e-01
3.185284499999999075e-01
3.110864999999998770e-01
5.433718969999999926e-01
1.374927030000000217e-01
1.838072000000000039e-01
5.315820500000000282e-01
3.443316199999999494e-01
3.127210100000000215e-01
3.334863399999999367e-01
1.887290500000000648e-01
1.457630500000000329e-01
6.361319999999995312e-02
1.563363500000000128e-01
1.494924499999999989e-01
1.520701999999999887e-01
3.198304000000000147e-01
6.862579999999998681e-02
1.231535949999999768e-01
1.280452950000000034e-01
2.113991500000000356e-01
1.566440500000000069e-01
1.189361500000000182e-01
9.437744999999998774e-02
8.162650000000003236e-02
1.163054000000000726e-01
1.912039000000000377e-01
1.614959000000000533e-01
1.209713999999999512e-01
6.077710000000000057e-02
1.440672000000000064e-01
1.160881999999999886e-01
9.254530000000005252e-02
4.525050000000001987e-02
2.553529499999999675e-01
5.952402999999999444e-01
2.039391000000000398e-01
1.635907999999999807e-01
5.798892999999996634e-02
6.974248000000002334e-02
1.929028899999999935e-01
1.075416499999999886e-01
1.516953100000000276e-01
3.065987900000000099e-01
1.048524999999999874e-01
1.047630500000000103e-01
1.670166499999999887e-01
1.675946999999999854e-01
7.264053500000000607e-02
1.014074649999999883e-01
2.210460100000000150e-01
1.212489399999999995e-01
6.265566000000000191e-02
1.108740499999999879e-01
7.306505000000003414e-02
7.368274999999999131e-02
7.417510000000002157e-02
4.891702000000002631e-02
6.278797999999999324e-02
7.206929999999998893e-02
5.154953999999999092e-02
1.495172399999999957e-01
8.109502999999998463e-02
5.705388000000000126e-02
1.599364885000000014e-01
1.445939884999999925e-01
9.247798099999998689e-02
9.182263099999998790e-02
4.433969999999999578e-02
1.132815999999999962e-01
2.048397500000000149e-01
1.019643830000000057e-01
1.183548570000000077e-01
9.819427000000000016e-02
9.445390000000000730e-02
1.526028710000000010e-01
1.846621290000000082e-01
6.397624999999998452e-02
1.541522499999999907e-01
1.577652800000000077e-01
8.454342000000000801e-02
5.484535000000001492e-02
3.759215000000001167e-02
6.995782500000000126e-02
5.693718500000000127e-02
9.521771000000001095e-02
9.647060500000000094e-02
1.201963249999999789e-01
3.287786000000000874e-02
2.124780350000000095e-01
1.446186845000000110e-01
2.480384044999999760e-01
6.110931499999999739e-02
2.551484150000000173e-01
2.279491450000000197e-01
1.162949950000000121e-01
1.694794150000000221e-01
9.226004899999998288e-02
6.268858899999998902e-02
1.952724600000000088e-01
2.197535000000000183e-01
5.348506999999999567e-02
1.323409150000000034e-01
6.267427800000002769e-02
6.615413800000001510e-02
2.029720100000000083e-01
1.088088349999999926e-01
7.460980000000000389e-02
1.038253400000000159e-01
7.971638999999998421e-02
5.178674999999999945e-02
5.542415500000000966e-02
1.019216500000000164e-01
3.628677000000002373e-02
6.624763499999999916e-02
6.808518499999999252e-02
6.246191999999998329e-02
5.009309500000000415e-02
1.265659499999999826e-01
1.181324059999999954e-01
7.999196600000001156e-02
6.999226499999998408e-02
6.051871500000000070e-02
6.161172499999999219e-02
1.420025149999999958e-01
9.501899499999999499e-02
7.341324500000001585e-02
6.429108000000002821e-02
7.239554000000002210e-02
1.583310000000000967e-02
1.035301550000000126e-01
1.011548550000000019e-01
1.099855999999999612e-01
2.867453000000000363e-01
4.569750999999999674e-01
4.612994499999999998e-01
2.424435500000000077e-01
2.763971000000000067e-01
1.063491000000000436e-01
7.296859999999996682e-02
1.354526999999999537e-01
5.298229999999999607e-02
5.342729999999996232e-02
3.972979999999997486e-02
8.554929999999999479e-02
4.662104999999999028e-02
1.015645500000000034e-01
1.029896000000000422e-01
9.825502199999999742e-02
5.955117200000002720e-02
1.201299000000000256e-01
1.308047999999999988e-01
1.321195999999999759e-01
7.099475000000002312e-02
5.753664999999999474e-02
1.500987499999999752e-01
3.756950000000001955e-02
7.978549000000000058e-02
4.756644000000002231e-02
7.543979999999997355e-02
7.051970000000003236e-02
8.901224999999997334e-02
5.630794999999998163e-02
4.131894999999997237e-02
2.575089999999998769e-01
3.004996000000000334e-01
7.069659999999999833e-01
2.737160999999999067e-01
9.613419999999996135e-02
5.897939999999998739e-02
1.235616000000000492e-01
7.982929999999993642e-02
2.642750000000001348e-02
1.742589000000000776e-01
4.597764999999998797e-02
5.243884999999989110e-02
3.557021000000000766e-01
1.634276550000000605e-01
1.137930549999999763e-01
8.557949999999996116e-02
6.461280000000001189e-02
5.257899999999995216e-02
6.407589999999996344e-02
2.919540000000004840e-02
4.938730000000005060e-02
1.060427999999999510e-01
7.220552000000002302e-02
5.340591000000000088e-02
1.172410799999999836e-01
1.080185699999999943e-01
2.128105200000000030e-01
7.346525000000002359e-02
5.882669999999999566e-02
7.506650000000000822e-02
1.905294600000000393e-01
