FramewiseDisplacement
2.116249169999999125e-01
7.100810699999997311e-02
8.048051999999994432e-02
5.684944999999995419e-02
2.909617000000000800e-02
2.544999999999997264e-02
7.686627000000000043e-02
7.153539999999994348e-02
1.607713999999999532e-01
1.167212700000000714e-01
8.994286999999999421e-02
8.881745999999998697e-02
7.535541000000001155e-02
3.277173000000002667e-02
9.522753999999999941e-02
4.386730000000001184e-02
3.291560000000001707e-02
3.939870000000000871e-02
2.622208999999995141e-02
3.520306000000002905e-02
7.989804999999997048e-02
1.115719400000000638e-01
4.726954999999993801e-02
1.838296899999999900e-01
8.453508100000001191e-02
6.465658100000001851e-02
6.620659999999996270e-02
6.936690999999998997e-02
1.080282600000000287e-01
5.160546999999992418e-02
7.027425000000003807e-02
5.334862000000003407e-02
4.771931999999998175e-02
5.626225000000004139e-02
7.292570000000002384e-02
2.281729999999995012e-02
5.078124000000001220e-02
9.086203999999997727e-02
8.264849999999999974e-02
5.328005999999999021e-02
5.556166000000002658e-02
7.573324999999997420e-02
7.139574999999996618e-02
3.799959999999999449e-02
4.439670000000001115e-02
2.131024999999997505e-02
3.682635000000000769e-02
6.696794149999998891e-02
8.245188349999998945e-02
1.200579049999999787e-01
1.133163100000000034e-01
2.560543000000002969e-02
2.603278999999998969e-02
2.334844999999999976e-02
4.567799999999998944e-02
9.508565000000000766e-02
5.832544999999997315e-02
4.353459999999997887e-02
4.259280000000001398e-02
7.597180000000000599e-02
4.991410000000000291e-02
3.653370000000001616e-02
5.604204999999998910e-02
4.258819999999999273e-02
2.900610000000002076e-02
5.647984999999999117e-02
2.289189999999996852e-02
3.715629999999997546e-02
3.960649999999996118e-02
4.037349999999999967e-02
4.479470000000002755e-02
8.199329999999996343e-02
7.403965000000002628e-02
6.752146000000001924e-02
3.373763999999998542e-02
4.289049999999998419e-02
9.967879999999999796e-02
1.461705999999999839e-01
1.327927499999999872e-01
8.833654999999998592e-02
9.676484999999999947e-02
8.909429999999998739e-02
1.005550999999999945e-01
6.980530000000002844e-02
5.596669999999998729e-02
4.464889999999999831e-02
6.107219999999999316e-02
5.731200000000000183e-02
6.227039999999999659e-02
5.150189999999999629e-02
8.299049999999999483e-02
5.397689999999998739e-02
3.938129999999999409e-02
5.160420000000000285e-02
7.758212000000000441e-02
5.205572000000001365e-02
3.853969000000000145e-02
5.312125000000000874e-02
6.641113000000001265e-02
3.877169999999999228e-02
4.896428999999999365e-02
6.151560999999999835e-02
1.789538999999999713e-02
1.210204999999999614e-02
7.773209999999999842e-02
3.057767999999999944e-02
6.246981000000000062e-02
3.161108100000000615e-02
8.693200100000000874e-02
4.988197000000001158e-02
7.406758999999998871e-02
8.320330900000000307e-02
9.153808100000000725e-02
6.095989500000000699e-02
4.011006000000000293e-02
1.230744499999999846e-02
5.847070000000000739e-02
4.272823000000000593e-02
5.243986000000000480e-02
4.426082500000000364e-02
3.342587500000000073e-02
4.388097999999999999e-02
3.467761699999999392e-02
2.317007260000000096e-02
5.374616140000000597e-02
5.557862300000000061e-02
4.539476500000001052e-02
7.093604500000000312e-02
3.048670000000000199e-02
4.785013999999999934e-02
6.427051500000000028e-02
8.806386500000000506e-02
3.475574000000000024e-02
8.929375000000000506e-02
8.032522999999999747e-02
6.132838000000001566e-02
6.261891999999998071e-02
8.322840000000000793e-02
5.038170000000002230e-02
6.110779999999998297e-02
5.671394999999999909e-02
5.038044000000001243e-02
4.805840000000002193e-02
6.813536500000000329e-02
1.100562549999999917e-01
3.572392999999998708e-02
1.470812950000000008e-01
6.395773000000000430e-02
4.251064499999999968e-02
6.064378000000001517e-02
3.875283499999999243e-02
5.511781499999999362e-02
6.265407000000000615e-02
1.192814000000000721e-02
8.895186000000000759e-02
6.817390000000000949e-02
3.446054000000000478e-02
3.528192000000000828e-02
4.853576999999999891e-02
8.712319999999999787e-02
2.429055000000000103e-02
5.754741000000000023e-02
7.702955999999999692e-02
6.041283999999999543e-02
2.902895499999999865e-02
4.576961999999999697e-02
2.110424999999999801e-02
1.367961849999999868e-01
1.074336500000000194e-01
4.653314000000000755e-02
5.902996499999999674e-02
6.379746499999999765e-02
1.179813100000000198e-01
8.080472499999999392e-02
9.684941500000000814e-02
8.578883000000001036e-02
1.159006800000000059e-01
1.101257749999999952e-01
1.152318199999999848e-01
7.212329500000000393e-02
8.121995000000001297e-02
3.354851499999999404e-02
6.607468499999999412e-02
5.419975999999999960e-02
9.581188999999999678e-02
8.725550500000001097e-02
3.298663500000000720e-02
7.882141000000000841e-02
4.034650000000000736e-02
3.351159999999998862e-02
4.516589999999999494e-02
7.426785000000001025e-02
5.146505000000000524e-02
6.012655000000000083e-02
6.756014999999998549e-02
7.308099999999999319e-02
4.237715000000000232e-02
4.815304600000000490e-02
7.287783599999998752e-02
8.856367999999999185e-02
7.283514999999998740e-02
7.637420999999999793e-02
4.900557999999999997e-02
7.000641000000000502e-02
5.858013000000000803e-02
3.665947550000001054e-02
4.445764050000000633e-02
5.508626499999999537e-02
2.841109500000000773e-02
4.679389000000000465e-02
4.362935000000000424e-02
5.985629500000000380e-02
2.254525999999999752e-02
4.528008999999998813e-02
5.744090000000000307e-02
1.217911999999999884e-01
7.117605000000001847e-02
4.931770000000001292e-02
3.230215000000000169e-02
3.399324499999999832e-02
6.798740999999999812e-02
3.571405000000000413e-02
6.587990300000000354e-02
1.469911800000000754e-02
5.639426999999999635e-02
2.479480000000000225e-02
2.797375000000000209e-02
4.278121499999999050e-02
3.892371499999999762e-02
3.475659999999999861e-02
5.326870999999999690e-02
9.765061999999999354e-02
5.708333999999998937e-02
3.905319999999999625e-02
6.873979999999998980e-02
3.279909999999999770e-02
3.384693999999999897e-02
3.059343800000000752e-02
9.513383200000000151e-02
