FramewiseDisplacement
3.857369999999997190e-01
8.463500000000011292e-02
1.409870000000000845e-01
1.924444999999997408e-01
9.068100000000006711e-02
1.533990000000000076e-01
1.037259999999999432e-01
9.084100000000000508e-02
1.045999999999999985e-01
7.363250000000015616e-02
1.560483999999999483e-01
9.355630000000006441e-02
7.354920000000003677e-02
5.678620000000005053e-02
1.731056000000000261e-01
5.986989999999996898e-02
5.401290000000001645e-02
7.469370000000015442e-02
1.328194000000000319e-01
1.569568000000001462e-01
6.836520000000004260e-02
9.927439999999995712e-02
1.484220999999998902e-01
1.297758000000001077e-01
9.906049999999992639e-02
1.194050599999999657e-01
6.573925999999995218e-02
8.628855999999998638e-02
1.444820599999999400e-01
2.085169000000000605e-01
1.816839000000000370e-01
1.886805999999999484e-01
1.290936200000000200e-01
8.786421999999999288e-02
1.016811000000000104e-01
3.823140000000007505e-02
5.682851999999996573e-02
3.043444999999996708e-02
9.791903000000000412e-02
1.099459999999999882e-01
5.460859999999999326e-02
2.316940999999997364e-02
7.387621000000002547e-02
3.513910000000003420e-02
1.069546899999999634e-01
1.170699899999999571e-01
8.013630000000000753e-02
1.017157000000000200e-01
6.025570000000000925e-02
4.302889999999998105e-02
4.174740000000001783e-02
6.718499999999995309e-02
2.905290000000006895e-02
9.006659999999999666e-02
6.478510000000005375e-02
8.062869000000000286e-02
4.500369000000000591e-02
4.411159999999993142e-02
9.111169999999998992e-02
1.315993000000000024e-01
1.951257999999999326e-01
1.981267000000000167e-01
1.271558999999999606e-01
7.429260000000006969e-02
6.139309999999997824e-02
1.107285999999999548e-01
7.878370000000001205e-02
1.042038600000000093e-01
9.190435999999999050e-02
8.140430000000004052e-02
7.719907000000002240e-02
5.301012000000002861e-02
4.762565000000000548e-02
5.546569999999997197e-02
5.340837999999998448e-02
7.088567999999996483e-02
4.907244999999995499e-02
5.750226999999998728e-02
5.907327000000005962e-02
1.337798500000000057e-01
4.910349999999996662e-02
9.822680000000003075e-02
6.824219999999997510e-02
9.527044999999999264e-02
1.433380730000000103e-01
5.244982700000000442e-02
7.561194999999998334e-02
4.908841000000002674e-02
5.028597000000001316e-02
7.627583999999998365e-02
5.229049000000002279e-02
6.883209999999997941e-02
3.571764599999998485e-02
6.282814599999998750e-02
7.942387000000002140e-02
7.090972000000000941e-02
8.917530000000001289e-02
8.039154999999999218e-02
9.175170500000000284e-02
1.311397949999999757e-01
5.429449999999996085e-02
7.227214999999999334e-02
4.571655000000000857e-02
8.169247999999999788e-02
1.184255199999999786e-01
6.114371999999999863e-02
5.970714999999999356e-02
5.633251999999999704e-02
8.557190999999998715e-02
1.122954200000000069e-01
5.109574999999999534e-02
6.379077999999997750e-02
4.814813000000001120e-02
1.093934500000000171e-01
3.907390000000000169e-02
8.944722000000000783e-02
4.886091499999999088e-02
3.551929999999999671e-02
6.047078499999999912e-02
1.178587380000000046e-01
3.181306899999999938e-02
3.054377899999999660e-02
6.848517449999999562e-02
4.163281149999999847e-02
4.630521099999999890e-02
7.122283099999998646e-02
4.437726000000000171e-02
6.382303999999999755e-02
3.901373999999999814e-02
4.649812500000000820e-02
5.492962499999999582e-02
2.525469999999998411e-02
1.015124499999999902e-01
1.404752900000000027e-01
7.006083999999999923e-02
5.548535000000000966e-02
9.273925000000000918e-02
6.197414999999999174e-02
2.077329999999999802e-02
9.439504999999999424e-02
8.558420000000002692e-02
4.134595000000000631e-02
1.104172499999999946e-01
5.307479999999999837e-02
4.441154999999999409e-02
1.113514500000000046e-01
6.607419999999999960e-02
4.116635000000003902e-02
8.736019999999999897e-02
5.660594999999999516e-02
5.978140000000001231e-02
2.351169999999998955e-02
5.759029999999995542e-02
1.496438500000000227e-01
6.253274999999999806e-02
1.814691999999999972e-01
4.862864999999993998e-02
3.978244999999999004e-02
7.442690000000000417e-02
4.445269999999998389e-02
5.451400000000000690e-02
3.300340000000000912e-02
7.280129999999998547e-02
3.917659999999997811e-02
2.025009999999998270e-02
2.116615000000002592e-02
2.138225000000000195e-02
4.976639999999998842e-02
6.184239999999999876e-02
6.283140000000000946e-02
3.803379999999997180e-02
5.549240000000001116e-02
5.512680000000000358e-02
6.625400000000002121e-02
5.742250000000000132e-02
4.781980000000001646e-02
4.499400000000000621e-02
3.276209999999997458e-02
4.653510000000000979e-02
6.714880000000000848e-02
3.303709500000000521e-01
1.589687100000000131e-01
7.728631000000002471e-02
6.743880000000002095e-02
5.565874999999996520e-02
5.021464999999998569e-02
5.183880500000001557e-02
8.620570499999999359e-02
8.216138000000003383e-02
5.559447999999998780e-02
9.008299999999996865e-02
2.872805000000005007e-02
1.040247500000000269e-01
6.997039999999998816e-02
1.841109999999999275e-02
4.394499999999996326e-02
6.109894999999999216e-02
3.922265000000001167e-02
4.935979999999998841e-02
7.809024999999995831e-02
2.884395599999999837e-01
4.190028999999999976e-02
2.823934999999999987e-02
3.388720000000000621e-02
6.101461000000000384e-02
8.836455999999999478e-02
3.902334999999995668e-02
5.454749999999997795e-02
1.061544999999999989e-01
1.010612999999999789e-01
8.772370000000001555e-02
9.015430000000002053e-02
4.078880000000000006e-02
5.135865000000007508e-02
4.167945000000002759e-02
3.838504999999998307e-02
1.949219999999996997e-02
5.015080000000001620e-02
5.071774999999997119e-02
5.142309999999998549e-02
1.015469500000000108e-01
5.641416999999999266e-02
6.310576999999997772e-02
4.761250000000005062e-02
3.524469999999999686e-02
2.291969999999993526e-02
6.452858999999995515e-02
7.835929250000001067e-02
6.279965250000001109e-02
5.040722999999998344e-02
1.033450299999999905e-01
6.818190000000000361e-02
3.847818000000002847e-02
1.104965800000000387e-01
4.820745000000001973e-02
5.689900000000000513e-02
6.238280000000001602e-02
3.502710000000001239e-02
5.030745000000002437e-02
