FramewiseDisplacement
2.583447500000000119e-01
8.823109999999999287e-02
7.834529999999999272e-02
1.817850000000000021e-02
1.723649999999999488e-02
2.804764999999999342e-02
5.488538999999997836e-02
2.655754999999999227e-02
1.121943000000001980e-02
3.684598999999998820e-02
1.165043300000000170e-01
4.441249000000001279e-02
9.094977999999999396e-02
7.433071999999998902e-02
5.813846000000001679e-02
4.345997999999999528e-02
3.898186000000002094e-02
4.916949000000001707e-02
5.906133000000000216e-02
6.922881499999998522e-02
5.959149000000001084e-02
9.361675500000000982e-02
2.835838499999999984e-02
5.423025000000000762e-02
2.126715000000000202e-02
7.322378499999999957e-02
7.117429999999999590e-02
3.184150999999997567e-02
6.617959999999999121e-02
1.101549099999999948e-01
7.611315999999998527e-02
5.281266999999999212e-02
3.921234999999999998e-02
6.297366150000001384e-02
1.973790150000001228e-02
8.669757999999998244e-02
4.179522000000000098e-02
7.660747999999999169e-02
2.493555999999999898e-02
6.809166999999996528e-02
8.437218999999998581e-02
8.597568499999999614e-02
9.183800500000002809e-02
1.186295800000000122e-01
6.088247000000001491e-02
1.413828700000000216e-01
1.013732890000000053e-01
1.346132890000000248e-01
1.583964999999999956e-01
1.289228999999999792e-01
6.869369999999999643e-02
8.032939999999998137e-02
6.232329999999998427e-02
8.356059999999998489e-02
1.143468000000000262e-01
7.370999999999998387e-02
5.420380000000002418e-02
5.995250000000004742e-02
4.803080000000001237e-02
1.360150000000000248e-01
1.130100000000000271e-01
9.566180000000000516e-02
1.066779000000000199e-01
5.281200000000000477e-02
7.761850000000002081e-02
1.334010000000000196e-01
1.054671000000000358e-01
1.132118999999999764e-01
1.421485999999999861e-01
7.152880000000001737e-02
1.064368999999999732e-01
7.530570000000001707e-02
1.146798000000000262e-01
1.716926000000000008e-01
4.098700999999999595e-01
9.027530000000000276e-02
3.720625999999999794e-02
3.123637000000000288e-02
4.626268000000000741e-02
4.639446000000000542e-02
6.992260200000001424e-02
7.321171800000000895e-02
1.570700499999999888e-01
1.199131099999999894e-01
4.344857000000000580e-02
1.161581999999999754e-01
9.551404999999998924e-02
7.990194999999997161e-02
1.135062500000000030e-01
6.834199999999998609e-02
9.143379999999999563e-02
8.385945000000000205e-02
6.651674999999999949e-02
1.921113900000000208e-01
1.449229900000000015e-01
9.346254999999997759e-02
1.299043500000000018e-01
6.564899999999999902e-02
1.028486499999999998e-01
8.539300000000001056e-02
7.772550000000001680e-02
5.172800499999999357e-02
9.733449499999999310e-02
6.246156500000001749e-02
4.428910500000000916e-02
1.308690600000000093e-01
6.576084999999999570e-02
3.868760000000000254e-02
1.103876149999999945e-01
9.902576500000001558e-02
3.646655000000000035e-02
7.721424999999999816e-02
7.180134999999998602e-02
1.006429699999999983e-01
1.313158154999999883e-01
1.056185644999999840e-01
1.461052599999999868e-01
1.745029255000000168e-01
6.718244099999999552e-02
6.538980199999999687e-02
3.598976199999999459e-02
6.200570449999998762e-02
6.330309850000000182e-02
1.023976574999999889e-01
1.350888600000000328e-01
5.315699699999999750e-02
1.214227859999999909e-01
2.731416460000000157e-01
1.503106750000000047e-01
9.871925000000002226e-02
2.375922439999999525e-01
2.620004289999999791e-01
1.385079999999999922e-01
4.605829999999998953e-02
5.454740000000000283e-02
6.481888500000002051e-02
5.316832999999999976e-02
5.024454499999999463e-02
3.695993999999998975e-02
6.501714999999999578e-02
4.471983999999999682e-02
6.146026500000000004e-02
7.823685500000000792e-02
6.525199999999999056e-02
8.497232999999999870e-02
5.565264999999999102e-02
3.776834999999999221e-02
4.132424999999999293e-02
2.363778999999999186e-02
6.420562999999999965e-02
6.556386999999998244e-02
4.411860000000001475e-02
5.281071000000001070e-02
6.866353999999999513e-02
6.041762600000000899e-02
3.916569599999999984e-02
3.201475000000000154e-02
1.288160150000000059e-01
4.278156649999999561e-01
6.548448000000001157e-01
8.185710000000001596e-02
6.347467500000000817e-02
6.223191299999998594e-02
9.769153800000003607e-02
1.054693449999999921e-01
1.499981650000000166e-01
8.117447000000001245e-02
8.867473499999999065e-02
1.374129649999999980e-01
1.634298500000000154e-01
5.555024999999998853e-02
6.653270000000002793e-02
9.971335000000000615e-02
1.903896000000000477e-01
4.306460000000000149e-02
3.881704999999992245e-02
1.178434000000000148e-01
5.609170000000000128e-02
5.082979999999998749e-02
1.761400849999999740e-01
8.893201500000000315e-02
1.953465500000000632e-01
1.105925000000000241e-01
4.126389999999997837e-02
1.766662850000000340e-01
7.685379999999993050e-02
8.682373499999997135e-02
1.692065000000000374e-01
5.087795000000001899e-02
6.553304999999992608e-02
2.546794999999996492e-02
5.461899999999997313e-02
5.626199999999999257e-02
9.228070000000000717e-02
1.749816499999999331e-01
1.676442500000000779e-01
7.251100000000007539e-02
6.955735000000000390e-02
1.011713500000000071e-01
4.675369999999998138e-02
8.145940000000004289e-02
2.526704999999995413e-02
1.029469999999992579e-02
5.581980000000004438e-02
6.165050000000001779e-02
6.838259999999994621e-02
4.215390000000002885e-02
6.517070000000001195e-02
3.791809999999994768e-02
1.045264999999999805e-01
7.550009999999998667e-02
6.719730000000004311e-02
1.219995499999999983e-01
4.393255000000001464e-02
3.888129999999999364e-02
5.385390000000000316e-02
2.653770000000001128e-02
6.135349999999996362e-02
2.997640000000002802e-02
4.589530000000002774e-02
2.031720000000004217e-02
4.246620000000002337e-02
1.209723999999999799e-01
4.970519999999996330e-02
6.019760000000001776e-02
3.606080000000003172e-02
8.902309999999999390e-02
9.088929999999997844e-02
4.728312000000003956e-02
7.829941999999998070e-02
7.276472000000000495e-02
6.497711000000000459e-02
5.523476999999997472e-02
6.536975999999997122e-02
1.807737999999994849e-02
5.582882000000001510e-02
5.138669999999998655e-02
5.491449999999992865e-02
4.629699999999992849e-02
