FramewiseDisplacement
3.232276000000000038e-01
1.130229000000000095e-01
1.379326000000000163e-01
5.565643999999999453e-02
5.568194000000002697e-02
7.949840000000002460e-02
5.264274000000000731e-02
5.950643999999999378e-02
4.050949999999999690e-02
3.306218000000001045e-02
2.189847000000001015e-02
2.995490999999998738e-02
1.432719000000000076e-01
1.317544900000000019e-01
9.726739000000000912e-02
7.938980000000001036e-02
4.018125000000002250e-02
6.221354999999999941e-02
4.464259999999998368e-02
3.605894999999999934e-02
2.378125000000000377e-02
3.949039999999999495e-02
4.592380000000000767e-02
4.917686999999999753e-02
5.616487000000000562e-02
5.756960000000001243e-02
3.732659999999998757e-02
3.331949999999998802e-02
3.581179999999999780e-02
3.894014000000001891e-02
5.630643999999999927e-02
4.004629999999999995e-02
5.581489999999999368e-02
4.473099999999999299e-02
6.561009999999999065e-02
4.400735000000000063e-02
2.758734999999998966e-02
7.114000999999997576e-02
7.578300999999999787e-02
7.294914999999999039e-02
4.722364999999999202e-02
1.023298500000000000e-01
1.487074999999998121e-02
4.409154999999999325e-02
4.223530000000000340e-02
6.775794999999999735e-02
3.432295000000000484e-02
3.568015000000000769e-02
6.171114999999999934e-02
7.576499500000000165e-02
1.580474450000000364e-01
1.044842500000000146e-01
1.228671500000000083e-01
1.182384499999999949e-01
2.913112999999999467e-02
4.203237000000000639e-02
7.131255000000000233e-02
9.289851999999999832e-02
6.912026999999999755e-02
7.797635999999999457e-02
5.793545999999999419e-02
5.769140000000001073e-02
7.488149999999997586e-02
5.084084999999999299e-02
4.227039999999999964e-02
6.313351000000000379e-02
3.684479000000000226e-02
5.315604999999999636e-02
3.043004999999999668e-02
4.157949999999999147e-02
4.277887999999999136e-02
4.596092000000000927e-02
8.086153999999999564e-02
3.220410999999999413e-02
4.359062000000001047e-02
9.206241999999999204e-02
4.574103000000000196e-02
6.768646999999999858e-02
3.931438000000000293e-02
4.546462999999999893e-02
1.788730000000000181e-02
3.043580000000000244e-02
3.895924000000000609e-02
3.111949000000000312e-02
5.682405000000000095e-02
5.361660000000000037e-02
4.504589999999999289e-02
1.964180000000000439e-02
4.496681500000000026e-02
5.488297999999999788e-02
5.423214499999999549e-02
3.424528000000000294e-02
3.367597999999999425e-02
7.330174999999999885e-02
5.694311000000000511e-02
4.512733999999999496e-02
1.261379899999999776e-01
7.147197199999999473e-02
2.541516299999999756e-02
3.509337199999999074e-02
2.811878199999999842e-02
2.915501000000000204e-02
6.953788899999999162e-02
2.172298000000000284e-02
2.199025999999999759e-02
1.764612000000000125e-02
6.367391000000001411e-02
3.945881700000000020e-02
4.104400300000000251e-02
6.811984999999999568e-02
3.914687999999999501e-02
9.296728000000001324e-02
1.877770499999999870e-02
4.996203600000000133e-02
5.247262399999999549e-02
4.779823900000000625e-02
3.301725600000000177e-02
7.519836400000000365e-02
8.891230484999999850e-02
2.023396350000000038e-02
8.181592534999998501e-02
4.721453599999999445e-02
3.925995599999999863e-02
6.204485300000001091e-02
5.732067700000000043e-02
6.936623000000000094e-02
7.568350700000001097e-02
4.096068999999999405e-02
2.138305000000000067e-02
3.020513000000000364e-02
6.606354999999999866e-02
2.606429000000000037e-02
5.362860000000002278e-03
5.987783499999999731e-02
7.043034999999998880e-02
4.292205699999999263e-02
5.365305799999999653e-02
6.020640499999999756e-02
3.797417499999999890e-02
4.950595999999999469e-02
4.931407999999999625e-02
2.030217000000000133e-02
2.904672000000000504e-02
3.536853999999999693e-02
6.612048499999999274e-02
6.231451499999999394e-02
5.200494499999998993e-02
4.094135340000000511e-02
5.450876159999999693e-02
4.030099999999999655e-02
3.198958000000000357e-02
4.484755999999999465e-02
7.763760999999999579e-02
5.997601500000000752e-02
4.243165499999999868e-02
5.282983000000001511e-02
6.731249000000001648e-02
2.270949000000000231e-02
4.731893000000000904e-02
2.609498000000000373e-02
3.234419999999999656e-02
4.744494999999999962e-02
4.053464999999999846e-02
7.170857999999999399e-02
4.190474000000000282e-02
7.787862000000000950e-02
5.607254999999999878e-02
5.496458000000000593e-02
3.883501000000001008e-02
3.856623999999999469e-02
2.825733999999999538e-02
5.302152999999999727e-02
1.380602999999999969e-01
8.547968999999999706e-02
4.293460000000000332e-02
3.221457000000001875e-02
3.260031499999999083e-02
8.751972299999999372e-02
9.746194799999999270e-02
3.539878999999999942e-02
8.903749999999999165e-02
8.470763999999998684e-02
7.659152100000000962e-02
1.104952209999999907e-01
4.968519999999999187e-02
2.655515000000000653e-02
3.463014999999999843e-02
5.944445000000000284e-02
5.071266999999999442e-02
5.774905999999999789e-02
4.171777999999998904e-02
6.243163000000000185e-02
5.284812999999998623e-02
2.355965000000000489e-02
4.556244999999999046e-02
6.026254999999998418e-02
7.973049999999998194e-02
2.838120000000000226e-02
4.444834999999999758e-02
3.755183000000000132e-02
6.064917999999999698e-02
7.463490999999999875e-02
7.614552000000000820e-02
1.119226900000000191e-01
6.433813000000000726e-02
1.118864300000000228e-01
9.829825000000000368e-02
8.227474999999997984e-02
1.915110000000000423e-02
7.995220999999999578e-02
6.262541000000002023e-02
6.093809999999999505e-02
5.721363999999998923e-02
6.554843999999998561e-02
7.277019999999999322e-02
5.348010000000000957e-02
5.268520000000000147e-02
9.381509999999999849e-02
3.010393000000001484e-02
6.301936999999997735e-02
4.727529999999998539e-02
1.208338999999999941e-01
1.686523199999999945e-01
1.029391800000000051e-01
3.643799999999999817e-02
9.057300000000001461e-02
5.132749999999999813e-02
4.179314999999997338e-02
7.449364999999999459e-02
3.733137000000002342e-02
4.180583000000000909e-02
5.294559999999998851e-02
3.421863000000002764e-02
2.781031200000000717e-02
6.622454200000001123e-02
5.561104999999996745e-02
1.340250999999997861e-02
5.947746000000000283e-02
3.257639999999999147e-02
