FramewiseDisplacement
3.888239000000000001e-01
1.052755500000000372e-01
6.288089999999998958e-02
1.078161499999999995e-01
6.986067999999998057e-02
3.395495999999999237e-02
3.547251999999997962e-02
2.530769999999999895e-02
5.893179999999999252e-02
9.692450000000001065e-02
4.317810000000001092e-02
2.309893999999999836e-02
3.133807999999999733e-02
3.581709000000000975e-02
7.588050999999999824e-02
5.532078099999997861e-02
3.819912900000001221e-02
6.259672299999997913e-02
5.333856399999997028e-02
6.348604899999998885e-02
4.389139999999998321e-02
4.987644999999998885e-02
3.843484999999999263e-02
3.331772999999998985e-02
4.320327999999999669e-02
2.498612000000000055e-02
3.028161999999999521e-02
4.871000099999999583e-02
3.988049099999998320e-02
5.774841000000000002e-02
4.926095999999999253e-02
5.579969000000000595e-02
7.997945000000000748e-02
4.851849999999999219e-02
5.941283499999999718e-02
3.596361500000001127e-02
4.711451199999999034e-02
3.889584299999998551e-02
4.384786899999999765e-02
2.604039000000000700e-02
5.145799699999998450e-02
5.208375300000000346e-02
1.735864300000001387e-02
8.805520699999998258e-02
7.507480099999998269e-02
7.504370799999998676e-02
4.691828599999998961e-02
7.011454899999999824e-02
5.480580000000000174e-02
4.038160000000001054e-02
4.193183999999998413e-02
4.421243999999998481e-02
4.476754999999999624e-02
3.383795000000001246e-02
2.419629999999998310e-02
2.724444999999999645e-02
4.895384999999998626e-02
4.247913999999999163e-02
6.264952000000000021e-02
5.648511000000000504e-02
4.705218000000001288e-02
2.827097999999998723e-02
6.360257999999999190e-02
6.475611000000001949e-02
3.181261999999999979e-02
3.256835000000000285e-02
4.717510999999999233e-02
5.787180999999998188e-02
6.797237799999999996e-02
4.918054800000000448e-02
9.283039999999999348e-02
4.773441999999999963e-02
8.715298999999999963e-02
1.314111500000000043e-01
8.244450000000000389e-02
5.218687999999999799e-02
3.920542999999999945e-02
1.779715000000000463e-02
6.023365000000001357e-02
1.055734450000000157e-01
1.010607250000000040e-01
6.594371999999999734e-02
8.231290000000000828e-02
7.235004999999999908e-02
1.302302949999999959e-01
7.090072500000001166e-02
5.018204999999999194e-02
6.545565999999999884e-02
7.350797000000000581e-02
1.372778199999999948e-01
8.518925999999998888e-02
6.129587999999999010e-02
5.909016000000000268e-02
1.312478599999999940e-01
1.877371800000000035e-01
1.277974999999998557e-02
1.183348800000000034e-01
1.128272300000000145e-01
6.352517000000001968e-02
9.378909750000000156e-02
4.656968749999999130e-02
8.620569000000000148e-02
6.695745000000000169e-02
6.700988000000002165e-02
2.165781999999998736e-02
6.267069000000000112e-02
1.035798485000000296e-01
7.043095150000000526e-02
3.297539999999999499e-02
4.000762099999999322e-02
6.218601899999999516e-02
5.889569999999999528e-02
6.378117500000002327e-02
6.575199550000000726e-02
1.692406395000000119e-01
2.320934549999999763e-01
2.427744950000000068e-01
1.265159699999999776e-01
4.285756000000000288e-02
9.974945500000001464e-02
1.648432250000000099e-01
1.539053099999999896e-01
7.643229999999999469e-02
3.147698999999999636e-02
3.873318900000000120e-01
2.928539499999999185e-01
4.329085999999999768e-01
1.841669499999999959e-01
1.739237000000000144e-01
3.114267999999999204e-02
3.210903000000001062e-02
7.682564000000000060e-02
3.540515999999999108e-02
4.966299999999999881e-02
6.104935000000000916e-02
6.157714999999997635e-02
1.135809599999999947e-01
1.942358599999999824e-01
3.134263899999999992e-01
8.491803999999998631e-02
7.452944999999999709e-02
8.972183000000000241e-02
7.482189999999998287e-02
9.272189999999999599e-02
4.249970000000001524e-02
1.531072300000000108e-01
7.520508000000000748e-02
9.624357999999999524e-02
1.190381500000000092e-01
2.496465300000000054e-01
3.461195000000000244e-01
3.791457400000000644e-01
2.242240899999999870e-01
7.679824999999999846e-02
8.825094999999999468e-02
3.755679999999998742e-02
9.017459999999999365e-02
1.274028999999999856e-01
8.388325000000000642e-02
4.688474999999998893e-02
4.141845900000001857e-02
1.061526090000000089e-01
8.040479000000000376e-02
6.539190499999998629e-02
1.264701349999999835e-01
2.382071300000000169e-01
1.785268600000000094e-01
9.835103999999998681e-02
8.239351000000001701e-02
8.186806000000000638e-02
6.983031500000000391e-02
6.443776499999999408e-02
8.067143000000000230e-02
2.202252000000000098e-01
1.868002350000000089e-01
2.972773850000000051e-01
2.171730499999999786e-01
3.930500999999999578e-01
3.077079299999999629e-01
8.398313000000000306e-02
9.211293300000002182e-02
5.289190699999999495e-02
3.748399000000001563e-02
6.916012999999995858e-02
1.270199999999999940e-01
8.933105000000000906e-02
2.525970000000000715e-01
1.737867499999999621e-01
1.892350100000000090e-01
4.464673599999999798e-01
5.957027000000000294e-01
1.479730999999999685e-01
9.810184999999999045e-02
1.238994800000000340e-01
4.758999999999999342e-02
1.202059199999999800e-01
1.943858099999999922e-01
1.001140599999999770e-01
6.226499999999998702e-02
5.178450000000003189e-02
2.641792500000005386e-02
1.754048049999999692e-01
7.711990000000000511e-02
2.608060000000000239e-02
8.947764999999999191e-02
5.240219999999999601e-02
6.391336999999998325e-02
1.001458500000000085e-01
6.988974999999998661e-02
2.229268000000000360e-01
1.055777999999999578e-01
1.058378999999999986e-01
5.503765000000003516e-02
1.009839500000000029e-01
2.027383000000000102e-01
7.459444999999999271e-02
2.070844000000000296e-01
1.395912500000000001e-01
1.317486000000000212e-01
9.249450000000002114e-02
9.231909999999998728e-02
8.203040000000000331e-02
7.425049999999999706e-02
7.764659999999998230e-02
6.600139999999998786e-02
1.382912500000000322e-01
3.597170000000000228e-02
4.956694999999998463e-02
8.352259999999998852e-02
9.046160000000000312e-02
7.646020000000003369e-02
8.789235000000002185e-02
9.119599999999992990e-02
9.265999999999999237e-02
1.110973999999999989e-01
1.207334499999999922e-01
2.682875499999999858e-01
1.065981000000000151e-01
1.228263500000000008e-01
