FramewiseDisplacement
3.407692320000000330e-01
1.072038999999999909e-01
1.816300000000000900e-02
3.593459999999999710e-02
3.547969999999998902e-02
4.284310000000000895e-02
6.093395000000000061e-02
4.727565000000000239e-02
2.458839999999999637e-02
4.947099999999998721e-02
4.431259999999998672e-02
4.668640000000000290e-02
4.002139999999999864e-02
2.622980000000001144e-02
2.916954999999998507e-02
4.921885000000000843e-02
4.776735000000001397e-02
3.039475000000000510e-02
3.742100000000000981e-02
4.649380000000000179e-02
1.933425000000000074e-02
2.728335000000000829e-02
4.799025000000002594e-02
4.182514999999999150e-02
3.846919999999998119e-02
1.978859999999999994e-02
5.000155000000000571e-02
6.445912000000000863e-02
4.564077000000000411e-02
2.344555000000001291e-02
3.705144999999999272e-02
2.786819999999999575e-02
6.940204999999999291e-02
3.798995000000000843e-02
4.811035000000000311e-02
5.161155000000000603e-02
2.831565000000000470e-02
3.359519999999999867e-02
5.003699999999999815e-02
3.893679999999999364e-02
1.158734999999998933e-02
2.603564999999999352e-02
3.320924999999999572e-02
3.139524999999999955e-02
3.586265000000000286e-02
1.707975000000000812e-02
4.819874999999999854e-02
4.671764999999999946e-02
8.337650000000014147e-03
5.772300000000001041e-02
2.887584999999999805e-02
3.262430000000000191e-02
4.746723999999999388e-02
5.411264000000000352e-02
2.854345000000000493e-02
4.556235000000000146e-02
1.545334999999999938e-02
3.784485000000000626e-02
5.179179999999999895e-02
2.486564999999999262e-02
2.009404999999999178e-02
1.498079999999999724e-02
3.346114999999999506e-02
1.359049999999999321e-02
2.447935000000000388e-02
4.598474999999998397e-02
6.403250000000000608e-02
3.165155000000001440e-02
3.329025000000002121e-02
3.917654999999999749e-02
3.578280000000000349e-02
3.223320000000000352e-02
3.154044999999999765e-02
2.654000000000000456e-02
4.223459999999999021e-02
7.137974999999999182e-02
5.482980000000000492e-02
6.403214999999999602e-02
4.493714999999999515e-02
3.279105000000000214e-02
4.622419999999998613e-02
2.795900000000000815e-02
3.852890000000001175e-02
3.411820000000000130e-02
5.453525000000000039e-02
2.976529999999999454e-02
3.908504999999999618e-02
3.519845000000000612e-02
4.358780000000000987e-02
4.415904999999998443e-02
8.716894999999999505e-02
4.595242000000000770e-02
5.904447000000000167e-02
6.225874000000000685e-02
5.932605999999999991e-02
1.652128000000000624e-02
3.975106000000000472e-02
4.485344000000000830e-02
5.584553000000000433e-02
3.971366000000000479e-02
3.279028999999999971e-02
2.816559999999999897e-02
3.355100200000000338e-02
4.147714799999999147e-02
4.894623900000000249e-02
2.791544599999999654e-02
4.011186450000000375e-02
4.143937250000000183e-02
2.599614000000000091e-02
3.196167300000000294e-02
3.545967700000000888e-02
3.447303499999999216e-02
3.684046500000000279e-02
5.313599999999999920e-03
3.982903499999999875e-02
3.015743499999999980e-02
5.584030649999999207e-02
2.817576899999999981e-02
3.789490749999999825e-02
4.757460800000000434e-02
1.999336699999999800e-02
1.943073000000000022e-02
6.913486000000000631e-02
5.469572000000000322e-02
3.532189499999999899e-02
5.695413999999998644e-02
5.945024499999999879e-02
3.944362999999999342e-02
3.900314499999999601e-02
4.834718500000000085e-02
3.524942999999999826e-02
8.372403650000000142e-02
3.451568649999999655e-02
5.145520499999999692e-02
4.049694499999999253e-02
4.576960999999999530e-02
3.188002000000000197e-02
1.795423999999999978e-02
5.539795770000000702e-02
3.833956069999999716e-02
3.508771300000000648e-02
2.317663000000000015e-02
3.822675000000000378e-02
3.368080000000000379e-02
3.086600000000000107e-02
7.236449999999995837e-03
3.812505900000000281e-02
2.760180100000000220e-02
4.708253999999999218e-02
2.970456999999999265e-02
3.735454000000000552e-02
3.690627000000000490e-02
2.543459999999999818e-02
1.983795999999999823e-02
3.461986000000000230e-02
3.625275000000000719e-02
4.221924999999999983e-02
3.140124999999999861e-02
4.713434999999999847e-02
7.604379999999999473e-02
1.394579499999999972e-01
5.825205000000000660e-02
6.592705000000000093e-02
4.761795000000000611e-02
6.330304999999999960e-02
3.295625999999999417e-02
6.389345999999999914e-02
2.482715000000000616e-02
4.911555000000000781e-02
3.485364999999999991e-02
3.165659999999999308e-02
1.786815000000000278e-02
9.346449999999995734e-03
3.506510000000000182e-02
4.828364999999999740e-02
2.533004999999998938e-02
2.603370000000000337e-02
2.103134999999999727e-02
4.428980000000000417e-02
2.576040000000001315e-02
4.022810000000000275e-02
1.470099999999999012e-02
2.957140000000000116e-02
3.237909999999998012e-02
2.238140000000000268e-02
1.873019999999999199e-02
3.953015000000001389e-02
2.620220000000000188e-02
3.826489999999999753e-02
5.487699999999998135e-02
2.276680000000000023e-02
4.974195000000000005e-02
4.962235000000000257e-02
4.141339999999999605e-02
8.643989999999998619e-02
5.615509999999999946e-02
4.051239999999999702e-02
5.231145000000001627e-02
2.763070000000000803e-02
3.408680000000001431e-02
2.243950000000000805e-02
8.664930000000002630e-02
6.549970000000002179e-02
5.421045000000000724e-02
6.574725000000000708e-02
5.484610000000001567e-02
4.874259999999999704e-02
4.339135000000000908e-02
3.284314999999998069e-02
4.370220000000001742e-02
1.804070000000001367e-02
3.524980000000003250e-02
5.777294999999999653e-02
8.485834999999999906e-02
1.039069500000000118e-01
1.624981500000000079e-01
9.813029999999997588e-02
4.453680000000000139e-02
5.724320000000000797e-02
3.743389999999997136e-02
4.612089999999997164e-02
3.917459999999999692e-02
5.564669999999999339e-02
3.559869999999998313e-02
6.015819999999997419e-02
3.856159999999999449e-02
4.030669999999999392e-02
7.003259999999998653e-02
6.293990000000000695e-02
1.118686000000000125e-01
5.991050000000000542e-02
8.058900000000000785e-02
3.458710000000000256e-02
3.131480000000001762e-02
4.798909999999996512e-02
4.725809999999999039e-02
6.452309999999999990e-02
2.945109999999997660e-02
4.351170000000000038e-02
