FramewiseDisplacement
5.139642500000001224e-01
1.366314000000000140e-01
6.014140000000001846e-02
3.200014999999997722e-02
2.559805000000001454e-02
3.835059999999998470e-02
2.580949999999996441e-02
3.561240000000000933e-02
3.565459999999998769e-02
2.468430000000000624e-02
2.480335000000000872e-02
2.372178000000000481e-02
8.027958000000000316e-02
3.669894999999998714e-02
2.908440000000000331e-02
2.720719999999999389e-02
4.802620000000000500e-02
5.173964999999999814e-02
2.781359999999998001e-02
5.301499999999999269e-02
3.807494999999999630e-02
5.309809999999999530e-02
7.324306499999999609e-02
6.911178500000000891e-02
1.444711000000000606e-02
2.745875000000000052e-02
3.798494000000002258e-02
2.872760000000000244e-02
2.075442000000000606e-02
4.285423999999999484e-02
6.464985000000000870e-02
5.949099999999999527e-02
3.758669999999999373e-02
5.752929999999999849e-02
9.415827000000000224e-02
7.895772000000002289e-02
5.034144999999998205e-02
2.015124999999999902e-02
3.807010000000000255e-02
4.257679999999999798e-02
6.269254999999998579e-02
2.814195000000000238e-02
3.966120000000000756e-02
1.700810000000000169e-02
3.742469999999999825e-02
1.845360000000000056e-02
5.013480000000002101e-02
2.716380000000000183e-02
2.047409999999999161e-02
2.964289999999998593e-02
2.681919999999999096e-02
2.861015000000000780e-02
2.106659999999999783e-02
2.781985000000000707e-02
4.873934999999997991e-02
3.566319999999999213e-02
3.767399999999999916e-02
4.919729999999999936e-02
5.778724999999999834e-02
3.807805000000001605e-02
4.877149999999999541e-02
3.625174999999998537e-02
3.712939999999999990e-02
5.352645000000000319e-02
3.702599999999998948e-02
4.059990000000002208e-02
7.526346000000000425e-02
5.142446000000001211e-02
6.626474999999999727e-02
3.744500000000001300e-02
6.281899999999998596e-02
5.407945000000000807e-02
5.659883000000001663e-02
1.520755999999997242e-02
3.742920000000001662e-02
4.807362999999998526e-02
4.044870000000000410e-02
4.944149000000001154e-02
2.350795000000002050e-02
7.502973999999999755e-02
6.282694000000003942e-02
3.796790000000004051e-02
5.968490200000001189e-02
6.363133199999999878e-02
5.523764000000000451e-02
6.100363100000001648e-02
3.344768899999997491e-02
4.754495999999998335e-02
5.953954000000000191e-02
4.827531999999999657e-02
5.250646999999999953e-02
4.164754999999999846e-02
2.104174999999998755e-02
4.675495000000000345e-02
1.456739999999998730e-02
2.568629999999999872e-02
2.907120000000000884e-02
2.202664999999998444e-02
2.265655000000001487e-02
3.777209999999999596e-02
4.134772000000001141e-02
3.722017999999999854e-02
2.172539000000000414e-02
2.479534999999997991e-02
2.211945000000000577e-02
1.106430000000000607e-02
1.512630000000001092e-02
2.041259999999998909e-02
3.484534999999999022e-02
3.792685000000000500e-02
1.087574999999999827e-02
3.032809999999999673e-02
2.234924999999998718e-02
3.907045000000000656e-02
4.486224999999997853e-02
3.103337499999999638e-01
1.572468654999999993e-01
1.213255444999999932e-01
7.291971499999999606e-02
2.520209499999999728e-02
4.098896000000000484e-02
6.483651999999999471e-02
4.946961499999999456e-02
6.048599000000000336e-02
5.476972499999999827e-02
1.810197499999999932e-02
2.282232500000000441e-02
1.564833999999999947e-01
4.664930999999999939e-02
2.570038999999998963e-02
1.273805399999999866e-01
7.663559999999999817e-02
3.477872000000001296e-02
3.067863000000001575e-02
4.835799999999998433e-02
2.511129999999998919e-02
4.034435000000002186e-02
3.336653400000001018e-02
4.353463400000000261e-02
3.561589999999999895e-02
2.743870000000000337e-02
3.893409999999999926e-02
7.125679900000002343e-02
9.639459900000002524e-02
2.996938400000000169e-02
4.202200000000001073e-02
3.020903199999999678e-01
3.171900140000000201e-01
2.000467499999999954e-01
9.661762999999999602e-02
1.000529500000000016e-01
2.250624999999999848e-02
3.056101000000000303e-02
4.692649999999999599e-02
5.882615499999999109e-02
2.960880500000000193e-02
2.997905000000000708e-02
2.536025000000000085e-02
4.723718500000000098e-02
2.793187500000000184e-02
3.559355999999999631e-02
5.542330000000000867e-02
7.623400000000001009e-02
3.554979500000000903e-02
3.786559499999999495e-02
2.918740500000000654e-02
4.776595500000000577e-02
1.113019999999999982e-02
4.304940000000000849e-02
5.600929000000000324e-02
6.514377999999999835e-02
9.430014000000000451e-02
3.432089999999999447e-02
2.888580000000000314e-02
2.894659999999999594e-02
3.680282999999999471e-02
2.147398500000000099e-02
5.792746500000000437e-02
3.514139999999999625e-02
5.323959999999999804e-02
5.379415000000000585e-02
2.849114500000001632e-02
3.377663499999999930e-02
4.336416000000001270e-02
6.369063499999999545e-02
6.617099499999999634e-02
2.920095000000000676e-02
2.328364999999999949e-02
4.305194500000000118e-02
4.652059999999999529e-02
6.565576499999999094e-02
3.939385000000000109e-02
5.276039999999999897e-02
4.035091500000000803e-02
5.693930999999999298e-02
4.372397499999999826e-02
5.287895000000000095e-02
2.276907000000000583e-02
1.585972000000000076e-02
5.083490000000000231e-02
2.721738999999999756e-02
3.289509000000000183e-02
2.770409999999999887e-02
1.590889999999999666e-02
9.445502899999999591e-02
8.698792900000000550e-02
1.291999999999999225e-02
6.366700499999999874e-02
3.246390500000000123e-02
1.203681600000000018e-01
8.966180499999998332e-02
4.501975500000000158e-02
2.575462999999999711e-02
6.425196999999999159e-02
5.961928999999999840e-02
1.706004999999999674e-02
4.824671000000000515e-02
3.776158999999998378e-02
3.660708000000000018e-02
2.513582999999999790e-02
6.584698999999999414e-02
4.013370000000000132e-02
3.087405000000001398e-02
1.940150000000001596e-02
5.074669999999999181e-02
4.592750000000000998e-02
6.635255000000001013e-02
5.275555000000001216e-02
1.492528800000000044e-01
9.470886000000000582e-02
6.762607000000001034e-02
6.932570000000000399e-02
8.381265000000000243e-02
6.574749999999998651e-02
2.533326000000000328e-02
5.998627999999998905e-02
4.122750000000000720e-02
4.662560000000001703e-02
1.019805230000000035e-01
