FramewiseDisplacement
1.775536299999999623e-01
1.164450499999999944e-01
1.062006500000000353e-01
1.365398800000000301e-01
1.147362800000000099e-01
8.563010000000001454e-02
4.766529999999993134e-02
9.862590000000001633e-02
8.639090000000003433e-02
1.756702850000000093e-01
1.312122849999999563e-01
1.556916999999999884e-01
6.262635000000001118e-02
1.327253000000000183e-01
1.073255999999999377e-01
1.439605499999999649e-01
1.771282999999999608e-01
2.780199000000000420e-01
7.971005000000003227e-02
1.484723999999999766e-01
4.243524999999998687e-02
9.304560000000003384e-02
1.143135799999999563e-01
1.030972200000000172e-01
1.455807000000000073e-01
1.582604999999999984e-01
2.717955499999999969e-01
1.887960500000000208e-01
7.389769999999996897e-02
6.259610000000001562e-02
8.110719999999997654e-02
8.280410000000001935e-02
6.567420000000000202e-02
8.761110000000002507e-02
7.444343999999998573e-02
6.907646000000002007e-02
6.581540000000001001e-02
1.883755000000000013e-01
2.503302499999999764e-01
2.307714000000000154e-01
1.206556500000000032e-01
1.002623999999999876e-01
6.857845000000001301e-02
9.102375999999998135e-02
7.936695999999995865e-02
1.159832999999999836e-01
1.136760900000000213e-01
3.736158999999998620e-02
7.516185000000000227e-02
7.980950000000001932e-02
1.300149999999999917e-01
6.824115000000001430e-02
7.958100000000002672e-02
1.521101000000000536e-01
1.010815500000000061e-01
7.663652549999995511e-02
5.084961950000000536e-02
1.809199799999999525e-01
1.783957600000000143e-01
1.290883249999999760e-01
9.827288999999997388e-02
7.188429500000000083e-02
1.353977900000000179e-01
5.850448500000001578e-02
1.369507999999999837e-01
2.605699999999999683e-01
3.924759500000000179e-01
3.118155000000000232e-01
9.313189999999998969e-02
4.590604499999999949e-02
7.650049999999999906e-02
4.900909999999999989e-02
1.286006500000000108e-01
2.955554049999999378e-01
2.988268900000000117e-01
2.279019899999999987e-01
9.994789999999999230e-02
1.323385999999999729e-01
1.176478999999999997e-01
2.674910500000000080e-01
1.425790999999999864e-01
7.742369999999998420e-02
1.881124500000000144e-01
1.120516899999999816e-01
2.743187599999999948e-01
1.920295500000000211e-01
1.623635499999999954e-01
8.416681999999998942e-02
1.116567400000000043e-01
1.728236500000000231e-01
7.850705500000000614e-02
6.765092500000000064e-02
1.023878999999999900e-01
9.478055000000000507e-02
2.176217999999999902e-02
1.152982199999999929e-01
2.637428500000000287e-01
1.378947500000000381e-01
1.861236100000000504e-01
7.760666000000002174e-02
9.102115000000000899e-02
4.018059000000000491e-01
3.578872350000000813e-01
5.815442349999999649e-01
2.323832499999999857e-01
1.404905499999999918e-01
1.445113500000000384e-01
1.646049794999999982e-01
1.033783000000000063e-01
1.077294404999999955e-01
1.839288700000000221e-01
1.757418000000000036e-01
1.859348500000000126e-01
1.179282999999999998e-01
1.079223500000000002e-01
2.620271549999999561e-01
1.022742950000000012e-01
1.166640499999999914e-01
2.662546699999999711e-01
1.081388459999999968e-01
1.191836360000000095e-01
1.671006025000000006e-01
2.623551875000000311e-01
1.437652900000000178e-01
1.020132399999999911e-01
8.063131000000001158e-02
1.993153099999999955e-01
1.670375699999999963e-01
1.601241749999999797e-01
4.094034749999999612e-01
1.458582400000000279e-01
5.981344999999999024e-02
6.892865399999999199e-02
9.158575399999999145e-02
4.335820000000000646e-02
5.569439999999999807e-02
3.667579999999999452e-02
1.829965500000000078e-01
1.415730000000000044e-01
5.912964999999999888e-02
2.139657499999999823e-01
8.488076199999998461e-02
7.622225700000000159e-02
7.934842000000000284e-02
3.845215500000001563e-02
5.701691499999998053e-02
4.380942649999999827e-01
2.492558109999999938e-01
1.017762759999999989e-01
4.282253499999999491e-02
6.096365999999998897e-02
7.660981799999999620e-02
6.386008299999999804e-02
1.441989449999999950e-01
1.471692800000000134e-01
1.313358199999999920e-01
1.257142899999999786e-01
2.449583700000000086e-01
2.179255399999999732e-01
4.818656500000000342e-01
1.438673500000000050e-01
1.044986200000000004e-01
1.342793800000000037e-01
1.587152700000000194e-01
2.818059700000000167e-01
1.481634500000000021e-01
2.099814500000000139e-01
2.598429499999999615e-01
2.337182499999999885e-01
7.805629500000000887e-01
1.018919500000000228e-01
1.396620000000000084e-01
2.002992999999999857e-01
5.754739999999999162e-02
1.024494499999999697e-01
1.968882499999999869e-01
1.756155500000000091e-01
4.306830000000001074e-02
9.793154999999999222e-02
2.370491999999999877e-01
9.617872999999999006e-01
7.877246999999999444e-01
2.163413000000000141e-01
3.698002999999999707e-01
4.456639499999999754e-01
1.221240099999999912e-01
1.133128399999999980e-01
1.148221000000000103e-01
3.105138999999999538e-01
1.890927999999999498e-01
1.796291000000000138e-01
1.984374999999999611e-01
2.663761000000000045e-01
2.942194000000000753e-01
2.682960000000000345e-01
1.613020000000000009e-01
1.123409999999999964e-01
1.872465000000000379e-01
2.152286999999999950e-01
1.983696500000000085e-01
2.397079499999999752e-01
2.743256000000000028e-01
2.754707499999999865e-01
8.831790000000003249e-02
6.222274999999997946e-02
2.953870000000004964e-02
4.103638000000000008e-01
5.234703999999998913e-01
5.528988000000000236e-01
3.758454499999999698e-01
2.237423499999999787e-01
2.489712999999999232e-01
1.655118000000000145e-01
1.387954000000000132e-01
6.652369999999999117e-02
1.752652000000000376e-01
1.185139999999999666e-01
1.513250000000000151e-01
1.053452000000000277e-01
2.607823000000000224e-01
2.456097999999999892e-01
1.742294000000000342e-01
4.780884000000000245e-01
2.114444999999999797e-01
9.491174000000000832e-02
2.961510499999996451e-02
9.876449999999993568e-02
3.020599999999999674e-02
1.160098949999999879e-01
1.657052000000000247e-01
6.481029999999999847e-01
5.689429500000000584e-01
1.008122499999998672e-01
1.048702499999999427e-01
1.426834999999999076e-01
1.543988000000000305e-01
2.654421500000001544e-01
5.400345100000000231e-01
3.716050600000000426e-01
