FramewiseDisplacement
1.652475000000001026e-01
1.439996000000000331e-01
5.876460000000004874e-02
3.869400000000002005e-02
7.388320000000007937e-02
5.729500000000010973e-02
3.532949999999995816e-02
5.434459999999995128e-02
7.592589999999997674e-02
4.490180000000001947e-02
6.188390000000000557e-02
5.580709999999999144e-02
6.534969999999999668e-02
5.702920000000000211e-02
4.712470000000000547e-02
4.424349999999999117e-02
5.694870000000003957e-02
4.996010000000000034e-02
8.179679999999997508e-02
8.267390000000002237e-02
5.225039999999998852e-02
4.503620000000006091e-02
3.194330000000000780e-02
3.314349999999995772e-02
7.394250000000000822e-02
7.107009999999995553e-02
2.846020000000001882e-02
5.677780000000001714e-02
6.922750000000001125e-02
4.493379999999997515e-02
8.873259999999999481e-02
6.181410000000001070e-02
2.605220000000000452e-02
6.689450000000002339e-02
6.675779999999996439e-02
6.327449999999999741e-02
2.013210000000002081e-02
5.089260000000001005e-02
4.911360000000001419e-02
2.115480000000001526e-02
3.340410000000003377e-02
4.960240000000000482e-02
4.635640000000001287e-02
3.683240000000000125e-02
3.076279999999997558e-02
5.547899999999994503e-02
7.141360000000004926e-02
2.122790000000001481e-02
4.292739999999996281e-02
7.757219999999998006e-02
4.658560000000000478e-02
4.119600000000000345e-02
3.814440000000000885e-02
3.334750000000000908e-02
3.063900000000000304e-02
4.736280000000002433e-02
4.508260000000000045e-02
6.153849999999999598e-02
5.960800000000000820e-02
5.097380000000001354e-02
5.442129999999997803e-02
6.208029999999999798e-02
1.146647000000000360e-01
6.381099999999996497e-02
2.483699999999997368e-02
9.740330000000002597e-02
8.285440000000000860e-02
2.753319999999999726e-02
5.246969999999998024e-02
1.037095999999999990e-01
8.224610000000000254e-02
3.451749999999999263e-02
8.636469999999998870e-02
7.177055000000003016e-02
8.958284999999997777e-02
6.904689999999999439e-02
1.266735499999999959e-01
8.413895000000000401e-02
3.570410000000000250e-02
4.815209999999998935e-02
5.311170000000000474e-02
2.789194999999999175e-02
6.810710000000000375e-02
8.352474999999999483e-02
5.333544999999998565e-02
3.858895000000000380e-02
6.250469999999999637e-02
4.145050000000001511e-02
7.342955000000001009e-02
6.179275000000000739e-02
9.561814999999999898e-02
4.259305000000000729e-02
6.053569999999999784e-02
6.329089999999999716e-02
5.663889999999999897e-02
5.213719999999997384e-02
6.499605000000001354e-02
4.155999999999999278e-02
9.854119999999998158e-02
3.409679999999998962e-02
3.020954999999999474e-02
3.923590000000000411e-02
1.202561699999999956e-01
3.210920999999999914e-02
3.114793000000000769e-02
6.251185000000000769e-02
2.832684499999999633e-02
3.520481000000000305e-02
4.985868499999999981e-02
4.934817699999999308e-02
5.461707300000000209e-02
3.886796099999999948e-02
4.123241000000000406e-02
3.554180500000000964e-02
2.369877899999999621e-02
4.806466400000000000e-02
5.331221499999999613e-02
4.589526000000000716e-02
9.637764999999999527e-02
4.283335349999999736e-02
9.135483549999999509e-02
3.803091999999999584e-02
6.966073500000000140e-02
3.726845499999999894e-02
5.693588000000000815e-02
1.072814599999999952e-01
9.222848499999999894e-02
1.275611749999999711e-01
2.655623999999999485e-02
4.483834500000000861e-02
5.054563500000000542e-02
9.944089999999999874e-02
4.041727500000000251e-02
9.058487000000001177e-02
8.537348499999998508e-02
5.794083849999999425e-02
3.403858650000000236e-02
6.092598500000000888e-02
2.823405999999999486e-02
4.366015000000000174e-02
4.876655000000000573e-02
2.255755000000001301e-02
1.781168999999998073e-02
3.824023999999998785e-02
2.921900000000002273e-02
5.154229999999999923e-02
6.901621499999999187e-02
6.834349499999999022e-02
3.976878000000000357e-02
2.991985000000000131e-02
3.756094999999998185e-02
5.152644999999997366e-02
9.753010000000000845e-02
4.764564999999999773e-02
4.657384999999999997e-02
4.457065000000000332e-02
2.963255000000001443e-02
4.894960000000001671e-02
4.003100000000001102e-02
6.626740000000001796e-02
9.506904999999997441e-02
2.555920000000001455e-02
1.410149999999999251e-02
5.051795000000000591e-02
3.163250000000002171e-02
4.163990000000001440e-02
4.643225000000000824e-02
6.823920000000002761e-02
2.490970000000000337e-02
4.017925000000002050e-02
3.665559999999998264e-02
4.577739999999996812e-02
6.769630000000001480e-02
4.431195000000000966e-02
5.499255000000002891e-02
7.511995000000000478e-02
1.393111000000000210e-01
2.240492999999999790e-01
1.469538370000000316e-01
7.409196699999999469e-02
4.757632999999999307e-02
6.371718000000001214e-02
5.287869999999999376e-02
4.025842000000001003e-02
4.678700000000001608e-02
6.822735000000001993e-02
1.904335000000000402e-02
7.250896999999999204e-02
8.211028000000002158e-02
4.808072650000001780e-02
6.043499649999999057e-02
2.583758000000001276e-02
2.717484000000003688e-02
5.269920999999999633e-02
5.712484999999997010e-02
3.665242000000001193e-02
4.777008000000003418e-02
4.946014999999998052e-02
2.775312999999999738e-02
8.681114000000000885e-02
3.900249999999998163e-02
3.277408999999997796e-02
5.257938999999996199e-02
1.036760000000004275e-02
4.753638999999998394e-02
7.083279000000000658e-02
3.861429999999999030e-02
3.100805000000002656e-02
4.632411999999997559e-02
5.023957000000001116e-02
3.044729999999998271e-02
2.917910000000000642e-02
6.785630000000002215e-02
9.256039999999995938e-02
7.240849999999997288e-02
6.297799999999996456e-02
6.234160000000003171e-02
4.545271000000000033e-02
4.078661000000000786e-02
3.933620000000006417e-02
4.351541000000002518e-02
6.977318999999998494e-02
7.405326999999999049e-02
6.421823999999995425e-02
3.643882999999996375e-02
2.653691999999995346e-02
7.430125999999991071e-02
4.416515000000001412e-02
3.416610000000001174e-02
8.694380000000007103e-02
6.730113000000001455e-02
8.086473000000005129e-02
6.325269999999996728e-02
8.378955999999992965e-02
4.664420999999999845e-02
7.456009999999997639e-02
7.090749999999997055e-02
3.635899999999992610e-02
1.272946999999999829e-01
