FramewiseDisplacement
1.497996099999999720e-01
1.400221499999999564e-01
5.390499999999995295e-02
9.704337999999995690e-02
5.778803999999999191e-02
6.897978999999995753e-02
1.195880999999999472e-01
5.725322000000005601e-02
5.181122999999999285e-02
5.774869000000002611e-02
3.683527000000003104e-02
6.472724999999998619e-02
3.246539999999999149e-02
7.920930000000001026e-02
7.855570000000003383e-02
6.870749999999997693e-02
4.801919999999997718e-02
7.065465000000004103e-02
5.831928000000001500e-02
1.142787700000000572e-01
1.687667500000000209e-01
1.083715999999999707e-01
1.081377999999999784e-01
2.080329999999999679e-02
7.446661999999999726e-02
9.722176999999997127e-02
5.226724999999995958e-02
8.445480000000005205e-02
8.273159999999998848e-02
4.525920000000002719e-02
8.410217300000001617e-02
7.413089300000001713e-02
8.558908000000003957e-02
1.200946810000000364e-01
8.096357100000002582e-02
3.823260999999999327e-02
6.634774999999998313e-02
8.155741499999999422e-02
4.608675499999999314e-02
2.361024999999999582e-02
4.095460999999998852e-02
7.691430000000001876e-02
7.859531000000000156e-02
3.523649000000000919e-02
8.140746000000001481e-02
6.929891000000001910e-02
7.152840000000001974e-02
8.483450000000002100e-02
6.665837500000000582e-02
3.594332499999999819e-02
3.917354999999998061e-02
7.783324999999997884e-02
8.780534999999999035e-02
4.739670000000001382e-02
6.235545000000001364e-02
5.580994999999999706e-02
3.923325000000001117e-02
4.088630000000004205e-02
8.955759999999998722e-02
5.715561999999999726e-02
1.482509800000000044e-01
2.010871999999999660e-01
6.545462000000000502e-02
9.248653000000001123e-02
6.242214000000001484e-02
8.394945000000002266e-02
8.022890499999998926e-02
6.001776499999997988e-02
5.936103000000000907e-02
4.153319999999999929e-02
5.796801999999999511e-02
7.100331000000000004e-02
9.075537000000000187e-02
4.089927500000000576e-02
6.522387500000000060e-02
6.318325100000000971e-02
4.459013900000000086e-02
8.272595000000000642e-02
9.387434999999999530e-02
6.995645000000000335e-02
5.336969999999999215e-02
7.111490000000000866e-02
8.080805000000000626e-02
7.493847000000000702e-02
5.916112999999999233e-02
4.049385000000000484e-02
8.597460000000001212e-02
8.666700999999998878e-02
7.699936000000000280e-02
2.046659999999999799e-02
6.416430000000000744e-02
6.207889999999999242e-02
8.135783899999998736e-02
6.999158899999999295e-02
1.804577950000000042e-01
1.327043549999999961e-01
1.012630999999999948e-01
6.589791899999999925e-02
7.792010900000000129e-02
6.390434000000000392e-02
7.404300000000002546e-02
7.607670000000002486e-02
1.761053650000000137e-01
1.762879149999999895e-01
1.042999699999999919e-01
4.625337300000000040e-02
5.679788199999998705e-02
7.973965499999999262e-02
1.270508500000000207e-01
1.670244000000000173e-01
1.364339699999999878e-01
6.666648000000000018e-02
2.672719999999999957e-02
8.352474000000000010e-02
5.875109000000000581e-02
6.758991000000000304e-02
8.417773900000000142e-02
6.017230400000000284e-02
4.510129999999999695e-02
8.113119199999999087e-02
4.456879200000000291e-02
7.784583500000000211e-02
3.707687299999999631e-02
7.411545299999999781e-02
8.123329999999999440e-02
8.189865999999999813e-02
4.952401999999999499e-02
5.848311999999998567e-02
2.876283000000000312e-02
5.069012699999998761e-02
7.481594699999999376e-02
8.146072499999999772e-02
4.176382499999999748e-02
4.961459999999998788e-02
6.902565999999998869e-02
7.542764000000000413e-02
5.775061999999998863e-02
2.968042199999999520e-01
1.532965499999999759e-01
2.857507000000000241e-01
7.442210000000000492e-02
1.363610499999999837e-01
8.409540000000001458e-02
4.270360000000000822e-02
6.616128000000003062e-02
4.695163000000000808e-02
2.805140000000001452e-02
8.715908499999999726e-02
3.421900000000000636e-02
3.602631500000001014e-02
1.338829602000000119e-01
1.036957798000000125e-01
5.523824000000001483e-02
6.140339000000001601e-02
7.576465000000001671e-02
7.859671000000001406e-02
8.323459999999999193e-02
6.035751999999999784e-02
7.163686999999999139e-02
8.533995000000002551e-02
7.181470000000000908e-02
5.478090000000000737e-02
2.022280000000000258e-02
1.281496500000000038e-01
7.865959999999999619e-02
3.896750000000000214e-02
5.375580000000002023e-02
5.631424999999998932e-02
2.853460000000000718e-02
4.044235000000000191e-02
6.392494999999998040e-02
3.851520000000001331e-02
1.150159999999999932e-01
8.954299999999996984e-02
2.684539999999999843e-02
8.225045000000000273e-02
2.314879999999999022e-02
6.125749999999998557e-02
8.019305000000000183e-02
7.056364999999999166e-02
5.083494999999997599e-02
7.661974999999997260e-02
2.301925000000000152e-02
5.391140000000001209e-02
8.959590000000001997e-02
1.178183000000000147e-01
7.413785000000000514e-02
3.468960000000000099e-02
5.418300000000001587e-02
1.334491499999999886e-01
4.109980000000000577e-02
4.008505000000001789e-02
1.334148499999999668e-02
4.651273499999998562e-02
3.122330000000000244e-02
5.121059999999999501e-02
5.218329999999998803e-02
3.606139999999999346e-02
3.059129999999999142e-02
3.779059999999999364e-02
4.636409999999997755e-02
2.595489999999997521e-02
3.677665000000001488e-02
3.142584999999999823e-02
3.665150000000000352e-02
7.980069999999998831e-02
6.224894999999999734e-02
4.274675000000001390e-02
2.986229999999999787e-02
4.679260000000002445e-02
4.594344999999998291e-02
4.099289999999999878e-02
7.338079999999999603e-02
4.427029999999998466e-02
5.805064999999998143e-02
3.636659999999998505e-02
3.387719999999998233e-02
2.026609999999998482e-02
2.448074999999998169e-02
4.988199999999998191e-02
5.386000000000003979e-02
1.010494499999999712e-01
4.630349999999996968e-02
9.738639999999998409e-02
9.795269999999997590e-02
2.932930000000000259e-02
7.309009999999996343e-02
6.342009999999996539e-02
4.807929999999999843e-02
7.827039999999998998e-02
7.820839999999999737e-02
4.659105000000000191e-02
5.353449999999997100e-02
5.071264999999997025e-02
5.552639999999997578e-02
8.834329999999999961e-02
2.249786000000000008e-01
1.994962500000000138e-01
7.475014999999997356e-02
