FramewiseDisplacement
5.846584849999999500e-01
5.708786500000002928e-02
9.823579999999998424e-02
6.746730000000000782e-02
1.406845499999999638e-01
2.501848500000000142e-01
1.918072900000000192e-01
1.862499399999999750e-01
5.289439999999999420e-02
9.005924999999997960e-02
6.549829999999999541e-02
6.363434999999997843e-02
6.659234999999999460e-02
5.627290000000000070e-02
3.971157000000000853e-02
7.038822999999999608e-02
7.108394999999999297e-02
6.485240000000000449e-02
4.803214999999999568e-02
3.851604999999998918e-02
3.292729999999999269e-02
7.452335000000000209e-02
6.278824999999998990e-02
8.731524999999998315e-02
3.246435000000000293e-02
4.986210000000000642e-02
4.485235000000001304e-02
9.637005000000001265e-02
1.015744000000000091e-01
5.484644999999999798e-02
1.010256999999999961e-01
6.812295000000000156e-02
1.138144499999999698e-01
3.184913000000000327e-02
1.052526800000000012e-01
7.469289999999996488e-02
5.190239699999999595e-02
8.581241300000000405e-02
9.413894999999999902e-02
8.979679000000001521e-02
7.004720000000000391e-02
4.994189999999999741e-02
6.904475000000001583e-02
3.025715000000000696e-02
4.520585000000000575e-02
5.721969999999999834e-02
3.804065000000000224e-02
5.432529999999999304e-02
1.565070000000000003e-02
3.514880000000000088e-02
4.751870000000000399e-02
7.383765000000000467e-02
9.387113899999999234e-02
6.704981100000000083e-02
7.376774999999999305e-02
5.257934999999997611e-02
3.404074999999998768e-02
4.744875000000000481e-02
8.923269999999999813e-02
8.123430000000000928e-02
8.728460500000000122e-02
6.949975499999999640e-02
1.489704999999999849e-02
4.130875000000000519e-02
4.077729999999999549e-02
2.733229999999999688e-02
1.123474999999999301e-02
3.921115000000000017e-02
2.539707130000000146e-01
1.443597130000000006e-01
4.460499999999999188e-02
6.015450000000001352e-02
9.236139999999999628e-02
6.246990000000000876e-02
5.126003999999999283e-02
9.094283999999999701e-02
1.025670499999999929e-01
4.548720000000000541e-02
5.527480000000000587e-02
1.672962500000000075e-01
2.365488450000000076e-01
1.734743299999999822e-01
2.527519850000000123e-01
1.756864200000000098e-01
9.564056499999999683e-02
8.938077499999999564e-02
1.565675900000000065e-01
8.216603000000000101e-02
7.964547999999999073e-02
9.516488000000000724e-02
3.801729000000000913e-02
7.634728000000000347e-02
7.710306000000000104e-02
6.129747399999999763e-02
4.723382900000000495e-02
2.478607500000000116e-02
8.599218499999999876e-02
6.150705499999999798e-02
5.930876499999999940e-02
9.043532499999998309e-02
9.302175000000000027e-02
4.938838999999999729e-02
1.401447750000000270e-01
7.735764000000000529e-02
1.477060000000000040e-01
8.916493500000000072e-02
1.014627699999999938e-01
5.815144499999999605e-02
1.827562999999999410e-02
2.964692000000000716e-02
1.068607510000000038e-01
6.085266100000000233e-02
4.055141500000000038e-02
8.731890000000000485e-02
1.402702650000000051e-01
9.263684500000000932e-02
4.867525000000000324e-02
6.385308200000000545e-02
8.847920199999999291e-02
4.637492399999999793e-02
3.045146849999999863e-02
6.154264750000000561e-02
4.580988499999999464e-02
1.132486599999999871e-01
6.596045999999999854e-02
6.689824499999999508e-02
3.572060500000000249e-02
6.316428000000000320e-02
3.996623000000000536e-02
2.330424000000000037e-02
1.142024100000000042e-01
7.062425999999999426e-02
1.201111299999999826e-01
8.663329999999998254e-02
5.721419249999999679e-02
5.624724749999999301e-02
8.711696000000002105e-02
4.079580450000000469e-02
3.530473449999999708e-02
2.883897300000000385e-02
2.645621099999999684e-02
5.518949500000000508e-02
3.145936000000000565e-02
4.776689000000000629e-02
3.346516000000000074e-02
7.902810000000003166e-03
3.472853999999999525e-02
2.858385000000000092e-02
2.679388000000000256e-02
4.303102999999999789e-02
1.761826000000000364e-02
6.270470000000000210e-03
2.586372999999999450e-02
3.378351399999999366e-02
1.673438839999999705e-01
1.436877000000000293e-01
1.318419100000000066e-01
2.334080000000000182e-02
2.112346999999999836e-02
3.207660000000001066e-02
4.401471999999997942e-02
9.918456999999999968e-02
5.980049999999999255e-02
4.203364999999999185e-02
1.226486499999999841e-01
6.180374000000000978e-02
5.180376500000000162e-02
3.869860700000000292e-02
7.882014800000000654e-02
7.819017500000001453e-02
3.515896500000000729e-02
4.565633999999999665e-02
1.236472599999999950e-01
1.275952599999999881e-01
4.543962000000000695e-02
5.011409999999998782e-02
3.138727000000000877e-02
4.732582000000000455e-02
6.249216999999999966e-02
3.379483999999998572e-02
3.513699999999998769e-02
3.903279999999999250e-02
7.224595000000000322e-02
7.603908500000000625e-02
3.089156499999999930e-02
1.810478450000000128e-01
1.666155450000000038e-01
6.568921000000001176e-02
3.090119499999999936e-02
8.316557499999999159e-02
4.456488000000001504e-02
1.229571499999999873e-01
9.199380000000001445e-02
6.034409999999999774e-02
8.075894999999998214e-02
2.948004999999999376e-02
2.489500000000000393e-02
6.171924999999999634e-02
9.840984999999999316e-02
5.921475000000000349e-02
1.248638499999999846e-01
3.222930250000000107e-01
2.509234850000000017e-01
1.551186999999999983e-01
1.649732499999999880e-01
1.488179400000000097e-01
1.075228000000000017e-01
8.982468500000001521e-02
3.351403999999999495e-02
9.307515500000000663e-02
5.507013999999999659e-02
5.641668999999999851e-02
3.536397500000000582e-02
1.304897649999999798e-01
4.259830000000000561e-02
1.024587399999999787e-01
1.833866100000000054e-01
1.296015099999999753e-01
1.180720105000000048e-01
1.033342695000000200e-01
3.687274999999997499e-02
1.044171499999999864e-01
1.421540200000000198e-01
1.671496999999999844e-01
5.203387499999999333e-02
5.332348499999999686e-02
4.255179999999999380e-02
5.586389999999999412e-02
1.539288000000000808e-02
5.319103000000000026e-02
8.971557000000000837e-02
8.908109999999998252e-02
5.270555000000000379e-02
4.593354999999998967e-02
5.769710000000000116e-02
4.086203500000001876e-02
5.163617499999999250e-02
5.823082499999999301e-02
6.398292499999998217e-02
