FramewiseDisplacement
6.494795000000001817e-02
4.930745000000000960e-02
3.956785000000000163e-02
3.123150000000000578e-02
4.139594000000002688e-02
5.141279000000004151e-02
3.672400000000001358e-02
3.961025000000001350e-02
3.083934999999998414e-02
4.624914999999998194e-02
1.913115000000000648e-02
3.397060000000002439e-02
2.275250000000001230e-02
7.084900000000022430e-03
1.175669999999999146e-02
1.639434999999998810e-02
3.654255000000000003e-02
1.691009999999999042e-02
2.012259999999995580e-02
8.431219999999996217e-02
4.154104999999998910e-02
4.027444999999996861e-02
2.405689999999999912e-02
4.934075000000002348e-02
1.115829500000000141e-01
1.574972370000000399e-01
1.379469869999999931e-01
8.324110000000001230e-02
7.438538000000002870e-02
4.572350999999998111e-02
4.069765000000002964e-02
3.071682200000003596e-02
1.278345519999999624e-01
7.322129000000000831e-02
5.698001000000000454e-02
4.508856999999998755e-02
2.076876999999998502e-02
2.788800999999998392e-02
2.931236999999999038e-02
2.882284999999999014e-02
4.203479999999996941e-02
2.322276000000002283e-02
3.287099099999998830e-02
4.410709899999998296e-02
2.234791999999998641e-02
2.045259999999999787e-02
3.488909999999999234e-02
4.941218999999998779e-02
4.066600000000000770e-02
3.860434000000000782e-02
2.497289999999999580e-02
1.827561999999998896e-02
3.218922700000000081e-02
5.961237299999999628e-02
5.278071999999999625e-02
2.655838000000000296e-02
5.562380000000000102e-02
1.492317999999999423e-02
3.990915999999999908e-02
1.220414000000000082e-01
1.103885000000000005e-01
1.064551799999999965e-01
1.983573299999999984e-01
5.774425000000002473e-02
4.313134999999999886e-02
8.263074999999998893e-02
5.805868999999998920e-02
1.029214899999999766e-01
1.281681299999999912e-01
1.737328200000000100e-01
6.211271000000000847e-02
7.080117999999999134e-02
6.404467999999999273e-02
6.005120000000001290e-02
4.829379999999999090e-02
4.332775000000000515e-02
2.541542500000000190e-02
4.013206499999999455e-02
5.139538999999999219e-02
4.594934999999999298e-02
2.796447999999999989e-02
6.472548000000000190e-02
1.018872000000000111e-01
8.444348000000001520e-02
2.517374000000001388e-02
5.543649999999999967e-02
5.559874000000000760e-02
9.436403399999999941e-02
4.910657399999999312e-02
6.490932549999998968e-02
5.094518549999999674e-02
4.890186049999999118e-02
4.864062250000001503e-02
3.858246199999999793e-02
4.403876899999999844e-02
6.936513699999999338e-02
7.058005800000000107e-02
1.040459550000000094e-01
1.427996550000000253e-01
9.989068000000000946e-02
8.167105000000002279e-02
1.757978600000000557e-01
9.501041999999998433e-02
2.072684899999999997e-01
6.161912299999999787e-02
4.408827000000001967e-02
4.263854699999999887e-02
1.019488919999999993e-01
3.239980800000000910e-02
4.779008000000001255e-02
1.172572500000000073e-01
5.509703999999999297e-02
9.954884499999999692e-02
8.248015499999999944e-02
2.878833049999999782e-01
1.320404749999999905e-01
7.991612999999998801e-02
4.931546000000001234e-02
2.213730000000000558e-02
2.853784999999998961e-02
6.190605000000001801e-02
5.486158499999999744e-02
9.114775500000001085e-02
8.038301999999999947e-02
2.126309999999998271e-02
5.647553000000000295e-02
5.616932000000000175e-02
9.233033000000001600e-02
1.347304850000000109e-01
6.483701499999999784e-02
4.157768500000000311e-02
2.040331549999999938e-01
8.429061999999999666e-02
2.330388699999999813e-01
1.623396300000000403e-01
1.356173600000000201e-01
5.166062999999999211e-02
4.417008499999999782e-02
3.161817499999999836e-02
4.018953499999999845e-02
3.203638400000000108e-02
2.032531299999999763e-02
2.803333900000000087e-02
3.134891000000000066e-02
1.018449087999999947e-01
5.702692880000000131e-02
3.702496300000000101e-02
2.695637799999999959e-02
3.242373350000000293e-02
3.116465849999999760e-02
2.439967499999999220e-02
3.246832500000000621e-02
5.560270000000000490e-02
7.451678999999999942e-02
5.159200999999999371e-02
5.953021270000000142e-02
1.461011277000000275e-01
2.654501400000000011e-01
2.021754899999999855e-01
1.228994900000000001e-01
6.979997000000000285e-02
6.545196999999999821e-02
2.147023100000000073e-01
5.176697000000000243e-02
1.319560999999999928e-01
7.788268000000000968e-02
6.836382999999998655e-02
7.575804999999997957e-02
4.142894999999999911e-02
6.941576999999998776e-02
9.994448000000000221e-02
6.907815999999999956e-02
7.611835000000000129e-02
4.143575000000000036e-02
6.042829999999999729e-02
3.442350000000000965e-02
5.104024999999999535e-02
4.988734999999999697e-02
5.649814999999999698e-02
3.853479999999998712e-02
6.711679999999999036e-02
7.743089999999999695e-02
1.556345000000000367e-01
1.343480999999999981e-01
6.938040000000000873e-02
3.224874999999999270e-02
7.110595000000000110e-02
1.946161000000000141e-01
1.649004000000000025e-01
3.823639999999998290e-02
8.083594999999998976e-02
6.420784999999999687e-02
5.941119999999998347e-02
9.251205000000002621e-02
1.872805000000000164e-01
8.605038500000003476e-02
3.152433000000001012e-02
3.128704000000001595e-02
1.066455549999999614e-01
6.627504999999994650e-02
1.829061499999999896e-01
1.872050000000000103e-01
2.427849999999998412e-02
1.227583999999999759e-01
8.181708500000003936e-02
1.237039849999999469e-01
8.821339999999996961e-02
5.502439999999998721e-02
5.729730000000001627e-02
3.096479999999997290e-02
1.393386999999999543e-01
3.981072499999997738e-02
1.338218899999999711e-01
8.842581499999994932e-02
1.158098500000000197e-01
9.969469999999999721e-02
9.677160000000002704e-02
6.409445000000002501e-02
9.609189999999998011e-02
7.231854999999998146e-02
1.200146999999999603e-01
3.411219999999999530e-02
1.729314999999999325e-02
1.659992999999999608e-01
1.600909999999999833e-01
8.644775000000000376e-02
4.095019999999998522e-02
6.498064999999998703e-02
5.151200000000000223e-02
4.358215500000005294e-02
6.115450499999991463e-02
3.336381999999994685e-02
5.354721999999997178e-02
5.682983499999996052e-02
1.027493800000000151e-01
7.638396000000000075e-02
1.466463600000000311e-01
1.284423000000000092e-01
8.180180500000003296e-02
1.023489049999999345e-01
1.274009150000000035e-01
1.223212199999999805e-01
5.535509999999998348e-02
2.589919999999998335e-02
8.577140000000006703e-02
1.684142000000000694e-01
2.000362999999999447e-02
6.771183999999993985e-02
1.004726999999999704e-01
1.701188299999999987e-01
1.150353000000000070e-01
9.144381999999999511e-02
2.355090999999999157e-01
1.561088999999999671e-01
9.893615000000002824e-02
7.408270000000000133e-02
7.523799999999999932e-02
2.032557999999999310e-01
1.805759499999999573e-01
6.877170000000004668e-02
5.428549999999998654e-02
2.970305000000003637e-02
4.915624999999999856e-02
7.374985000000001956e-02
5.825370000000002629e-02
1.861630000000006821e-02
1.052676999999999780e-01
2.438760000000005437e-02
3.380045000000003741e-02
3.083055000000000170e-02
5.054780000000002466e-02
2.117599999999999344e-02
7.098075000000000911e-02
5.416489999999996030e-02
6.560409999999999853e-02
1.758030999999999622e-01
1.204896499999999759e-01
1.909834999999999172e-01
7.744050000000003708e-02
6.881009999999997129e-02
1.109077000000000257e-01
6.521189999999990605e-02
5.943700000000002454e-02
4.827559999999992552e-02
1.185177000000000175e-01
3.948394999999998989e-02
4.794759999999995137e-02
6.540179999999999605e-02
1.224756499999999776e-01
