FramewiseDisplacement
6.047812599999997929e-02
5.917150599999999872e-02
1.709777000000001906e-02
5.889967800000001086e-02
6.226781800000001643e-02
5.132454399999999972e-02
6.210189399999999776e-02
3.955923999999998858e-02
2.943336000000000216e-02
2.910083000000000114e-02
4.449870999999998994e-02
2.143911000000000774e-02
2.534635000000000360e-02
4.373480999999998509e-02
1.565831999999998600e-02
1.894967999999997918e-02
3.636297000000000140e-02
4.198233000000003295e-02
3.094990000000000588e-03
3.306262000000000090e-02
2.163400000000000392e-02
1.515494999999998822e-02
5.986308799999998792e-02
3.939311799999999086e-02
3.395457999999998422e-02
2.467122999999999539e-02
1.916620139999999917e-01
1.520638939999999772e-01
5.359047000000000116e-02
7.817504000000000119e-02
6.523900000000001920e-02
5.329910000000002285e-02
5.383242000000001276e-02
5.755631000000000635e-02
6.219032300000001262e-02
2.805865899999999968e-02
4.309575200000000106e-02
5.149544400000000827e-02
2.850579600000000685e-02
3.628601300000000585e-02
3.361215199999999931e-02
4.028439099999998885e-02
5.155031900000000417e-02
7.024795200000000239e-02
3.740263299999999763e-02
2.908524999999999999e-02
1.938209999999999933e-02
4.369600099999999820e-02
3.822814599999999063e-02
3.994940499999999339e-02
4.530259199999999570e-02
1.649614999999999762e-02
1.035065099999999544e-02
2.519270699999999127e-02
2.669214500000000739e-02
3.773662900000000070e-02
2.334713499999999456e-02
3.746261899999999562e-02
4.704364599999999452e-02
1.593769100000000105e-01
1.125065500000000246e-01
5.056323999999999541e-02
6.959381000000000594e-02
3.224850999999999412e-02
5.831194099999998520e-02
3.697003100000001430e-02
3.379104000000000135e-02
4.812994000000000300e-02
2.465862999999999389e-02
4.195276999999998646e-02
2.953537000000000176e-02
2.404525000000000412e-02
4.402715000000000101e-02
4.510215000000000057e-02
9.286050000000004023e-03
3.164754999999999652e-02
4.158959999999999740e-02
4.453435000000000032e-02
4.417563999999999519e-02
3.137349999999999861e-02
4.073699000000000070e-02
3.516425000000000800e-02
1.633283200000000268e-01
1.545278750000000090e-01
4.803244999999999043e-02
3.068959500000000354e-02
3.496625999999999901e-02
1.601762000000000324e-02
2.437570000000000014e-02
2.345790000000000028e-02
2.067097900000000252e-02
1.704705099999999710e-02
3.924893999999999605e-02
4.256451590000000229e-02
4.026088590000000134e-02
4.234070499999999931e-02
5.068512500000000448e-02
3.602168999999999510e-02
4.732324000000000946e-02
3.760591500000000365e-02
2.085375500000000160e-02
1.828568000000000554e-02
3.676491599999999471e-02
1.198592099999999661e-02
3.872590499999999797e-02
2.998123999999999928e-02
4.256301999999999308e-02
1.828022500000000411e-02
3.652038499999999549e-02
3.351462999999999665e-02
3.924903799999999998e-02
1.890709199999999687e-02
4.410352999999999496e-02
5.699072300000000701e-02
8.484341299999999253e-02
5.672422500000000312e-02
3.848339500000000357e-02
4.638746000000000536e-02
4.289078000000000335e-02
4.207868000000000025e-02
2.954272000000000148e-02
2.404728499999999811e-02
2.784305000000000113e-02
2.457887500000000003e-02
2.517641500000000060e-02
1.231972199999999996e-02
3.453472400000000275e-02
4.085675299999999566e-02
1.792341100000000020e-02
4.299621199999999893e-02
3.194191600000000075e-02
1.321456500000000103e-02
6.072725000000000171e-03
5.497640200000000060e-02
7.804333700000000429e-02
3.952635699999999808e-02
3.979940799999999446e-02
2.283875999999999962e-02
2.608465499999999826e-02
3.779869699999999916e-02
4.394484199999999785e-02
1.151366500000000105e-02
3.600476500000000107e-02
4.446150499999999839e-02
5.422534499999999424e-02
1.226479549999999821e-02
3.666464149999999755e-02
5.361171099999999246e-02
1.040445329999999946e-01
5.784565600000000224e-02
1.011604639999999777e-01
9.863543999999999090e-02
4.096844000000000180e-02
1.208895499999999984e-01
3.852319000000000576e-02
4.920927500000000371e-02
2.167206500000000077e-02
3.392703999999999859e-02
4.958370100000000086e-02
2.136776099999999901e-02
1.166670250000000075e-01
9.257206000000001156e-02
3.679989999999999650e-02
3.080481999999999665e-02
5.647931099999999732e-02
3.249656100000000714e-02
2.653118999999999963e-02
3.636707000000000828e-02
2.683031999999999778e-02
5.087014000000000119e-02
2.369968000000000075e-02
9.763592999999999578e-02
7.156794999999999130e-02
4.383332999999999674e-02
4.205704999999999860e-02
2.581873999999999975e-02
8.120509999999997452e-03
1.547941600000000105e-02
4.566525400000000234e-02
1.285641000000000735e-02
3.470569000000000431e-02
3.899024000000000240e-02
2.380514000000000241e-02
1.263916300000000048e-01
1.011602899999999999e-01
5.766856000000000065e-02
3.681787000000000254e-02
3.292807500000000109e-02
6.584421000000000024e-02
4.875208999999999793e-02
3.600594999999999490e-02
6.099694499999998298e-02
2.500656000000000059e-02
8.082910999999999568e-02
4.403276000000000412e-02
4.921607000000000759e-02
1.902143000000000236e-02
5.491042999999999619e-02
4.848861949999999643e-02
5.833489949999999535e-02
3.402093500000000215e-02
2.570262000000000241e-02
2.298668500000000323e-02
4.820636999999999839e-02
7.938820499999998948e-02
4.061687499999998979e-02
4.520037999999999834e-02
3.476191999999999477e-02
5.679080000000000933e-02
6.545104000000000199e-02
5.762865999999999822e-02
4.324418999999999486e-02
3.657298999999999273e-02
2.981526999999999789e-02
2.950735699999999448e-02
4.694600799999999741e-02
3.730053499999999578e-02
3.812385999999999553e-02
4.166630000000000333e-02
4.336735499999999632e-02
1.839487000000000066e-02
6.689904999999995994e-03
3.317381000000000496e-02
4.176703999999999140e-02
2.185672999999999783e-02
3.128179999999999850e-02
3.461738500000000052e-02
2.999458999999999806e-02
3.621915500000000288e-02
2.849924400000000690e-02
3.180961600000000583e-02
1.707244999999999943e-02
3.458149900000000165e-02
5.313626400000000249e-02
7.261110499999999524e-02
5.886612999999998874e-02
2.890818000000000207e-02
3.639229000000000075e-02
3.379091500000000470e-02
3.979985499999999510e-02
3.914292999999999939e-02
7.419280000000000319e-02
4.867519750000000311e-02
2.603767249999999756e-02
6.638668000000000347e-02
4.446837000000000706e-02
4.076414999999999206e-02
1.201765999999999945e-02
1.921590000000000104e-02
3.665363999999999428e-02
2.429513000000000505e-02
3.311345500000000691e-02
5.203411000000000147e-02
3.687386999999998916e-02
3.097504999999999703e-02
2.527263000000000426e-02
4.324689999999999784e-02
2.078591000000000119e-02
9.727075499999998653e-02
1.877867000000000078e-02
1.513155699999999826e-01
9.045078500000000576e-02
2.317408500000000052e-02
2.457540000000000419e-02
2.306604999999999767e-02
1.907249999999999918e-02
2.368766999999999401e-02
5.480126999999999915e-02
1.403084999999999923e-02
2.501885000000000220e-02
2.190025000000000305e-02
2.464487000000000622e-02
3.139875999999999778e-02
6.406222999999999779e-02
6.881249999999999867e-02
5.324500000000000066e-02
3.124190000000000300e-02
9.971950000000000258e-02
1.297182000000000057e-01
5.811585000000000362e-02
2.932350000000000581e-02
2.750999000000000499e-02
4.686419000000000695e-02
6.781320000000000403e-02
5.302445000000000075e-02
7.678234999999999921e-02
6.814724999999999255e-02
3.834504999999999858e-02
6.055569999999999009e-02
