FramewiseDisplacement
5.038270000000000248e-02
6.144984999999997949e-02
3.597854999999997028e-02
3.731340000000001045e-02
3.027479999999998714e-02
4.116255000000001302e-02
5.170965000000001671e-02
4.235825000000002089e-02
3.900549999999999851e-02
5.466314999999999369e-02
6.210335000000002242e-02
4.201549999999997648e-02
4.434164999999999635e-02
4.909519000000001077e-02
4.653419000000001693e-02
1.705074999999997218e-02
4.024936999999998571e-02
8.142089999999999050e-02
1.672472999999999876e-01
2.193140700000000276e-01
1.608105500000000243e-01
4.699394999999999961e-02
9.256839999999998125e-02
3.599100000000000910e-02
3.410544999999999549e-02
7.393475000000000741e-02
9.179779999999999884e-02
1.428252999999999884e-01
2.032172500000000159e-01
8.249134999999999107e-02
2.289379999999999887e-02
6.909280000000000976e-02
5.750790000000002150e-02
1.984550000000000897e-02
3.406970000000000831e-02
7.347000000000000752e-02
4.011409999999999976e-02
4.567745000000000832e-02
2.368085000000000329e-02
4.297589999999999050e-02
5.932024999999998410e-02
2.311449999999999269e-02
2.245024999999999452e-02
4.110770000000003171e-02
3.743740000000000956e-02
1.943149999999999045e-02
4.786685000000000939e-02
3.632429999999999687e-02
2.696590000000001486e-02
3.811424999999999536e-02
2.013340000000000615e-02
5.763815000000001298e-02
4.204504999999997966e-02
2.345629999999998896e-02
1.555804999999998300e-02
1.333475000000001152e-02
7.295440000000000258e-02
4.214317000000002145e-02
4.964007999999999615e-02
9.096199999999998731e-03
1.953171500000000851e-02
2.964527499999999871e-02
2.389596500000000512e-02
1.045862999999999654e-02
2.501384499999999983e-02
1.138547000000000031e-01
7.653793000000000402e-02
1.429526004999999711e-01
1.094948705000000078e-01
5.720844999999999403e-02
1.104599599999999959e-01
5.679085999999998469e-02
6.380602000000001883e-02
2.567872700000000188e-02
4.368206700000000497e-02
5.940240000000000797e-02
1.760057000000000635e-02
5.604059000000000124e-02
4.722915000000000446e-02
1.520406800000000114e-01
1.015110399999999830e-01
5.540474999999999567e-02
6.036778499999998632e-02
9.854712499999998543e-02
1.360708000000000195e-01
2.641382899999999978e-01
1.113804699999999953e-01
3.863863000000000020e-02
3.379406999999999550e-02
4.339652000000000787e-02
4.738462500000000660e-02
3.268731999999999194e-02
2.661991499999999747e-02
5.237922849999999270e-02
5.695672849999999787e-02
2.158475500000000408e-02
2.086443000000000325e-02
4.463266499999999498e-02
1.337579000000000198e-02
4.164800499999999489e-02
3.968392000000000447e-02
4.524439000000000932e-02
2.920025499999999441e-02
4.715502499999999625e-02
4.083070000000001143e-02
9.825310000000000293e-03
3.677399500000000376e-02
1.362881000000000162e-02
2.980287000000000561e-02
4.118302000000000074e-02
2.654317999999999955e-02
3.875785999999999121e-02
2.631422999999999748e-02
3.101112000000000660e-02
7.192152999999999741e-02
9.959007200000000171e-02
1.028909949999999851e-01
9.665556299999999990e-02
5.104699499999999779e-02
6.804904500000000245e-02
8.601921499999999610e-02
1.031324995000000022e-01
7.791779050000000040e-02
4.180899999999999894e-02
2.468128999999999809e-02
1.747204499999999855e-02
2.859525499999999998e-02
2.697720500000000063e-02
4.432996499999999895e-02
1.442185000000000515e-02
1.838619500000000448e-02
3.084209499999999646e-02
1.024545849999999869e-01
6.333663550000000197e-02
3.016460550000000379e-02
1.819416299999999931e-02
2.242237200000000291e-02
4.761492500000000239e-02
4.107521999999999562e-02
4.035841500000000859e-02
2.240060999999999788e-02
5.203454500000000149e-02
8.722543999999998743e-02
1.094631199999999971e-01
9.634036999999999462e-02
7.116937499999999306e-02
2.389134500000000133e-02
3.649332500000000007e-02
5.397394750000000796e-02
3.291759250000000220e-02
2.000071000000000140e-02
2.485976250000000026e-02
1.364547749999999761e-02
5.385182000000000163e-02
2.628108500000000264e-02
5.703819499999999987e-02
8.164236999999999189e-02
4.121454999999999563e-02
1.597549999999999665e-02
3.070813999999999488e-02
3.759389000000000480e-02
4.100076999999999888e-02
4.041411000000000309e-02
3.852736999999999828e-02
4.681271999999999517e-02
1.902268999999999488e-02
3.221326399999999146e-02
3.936150599999999056e-02
1.730605499999999727e-02
4.720908499999999786e-02
5.548410000000000147e-02
1.428460299999999850e-01
1.986448999999999854e-01
2.097683100000000134e-01
3.779200799999999916e-01
2.469233000000000122e-01
5.622358999999999690e-02
1.258609399999999767e-01
1.351344500000000171e-01
1.269815000000000353e-02
2.588166000000000772e-02
5.462775000000000269e-02
7.335951000000000277e-02
4.657891999999999588e-02
3.304175000000000167e-02
3.064924000000000121e-02
4.962609999999999938e-02
2.652444799999999908e-02
5.144422299999999726e-02
4.227493999999999696e-02
5.273155999999999677e-02
3.208351499999999995e-02
4.841949999999999726e-02
7.675672000000000050e-02
5.503714999999999302e-02
3.412679400000000196e-02
3.775240900000000760e-02
8.390411500000000133e-02
1.058681600000000028e-01
9.690227649999999526e-02
1.110313633500000119e+00
2.421972999999999765e-01
1.588919000000000303e-01
8.471740000000001214e-02
1.071256999999999904e-01
7.718690000000000273e-02
7.734490000000007748e-02
7.043990000000004137e-02
5.477290000000002712e-02
1.079979499999999398e-01
4.343274999999995750e-02
5.308309999999998030e-02
5.455479999999996582e-02
7.188420000000000920e-02
5.298320000000002195e-02
3.536100000000003823e-02
7.391639999999997934e-02
3.132549999999997836e-02
4.051939999999999709e-02
2.568519999999998443e-02
3.673700000000000576e-02
5.272109999999999297e-02
4.699850000000003331e-02
5.733740000000003140e-02
9.675569999999994453e-02
4.474230000000001956e-02
2.178319999999996440e-02
1.164352000000000303e-01
1.145232999999999945e-01
1.258856999999999338e-01
6.227239999999999165e-02
7.994859999999993916e-02
6.471380000000000188e-02
4.672469999999999402e-02
3.933810000000003554e-02
3.963930000000005782e-02
6.570169999999998789e-02
6.255030000000000312e-02
6.772970000000003155e-02
3.662830000000003028e-02
7.129649999999998489e-02
5.459700000000003439e-02
3.075590000000000962e-02
6.954359999999998321e-02
2.702760000000001273e-02
3.768469999999996684e-02
4.296880000000004307e-02
1.834780000000001132e-02
4.478699999999996573e-02
2.479880000000004789e-02
4.636130000000003581e-02
4.224500000000000477e-02
4.133769999999997724e-02
2.196330000000003280e-02
5.087020000000005288e-02
2.975480000000003955e-02
5.615739999999998233e-02
4.953680000000002664e-02
4.666399999999999021e-02
2.129429999999996742e-02
4.309689999999995191e-02
3.213040000000005197e-02
4.392500000000003346e-02
3.646940000000001292e-02
3.398890000000000938e-02
9.415129999999997945e-02
2.104149999999996648e-02
5.517420000000001351e-02
2.488310000000006419e-02
4.941960000000001491e-02
3.616900000000002058e-02
7.173929999999996421e-02
3.833260000000001527e-02
2.577629999999995689e-02
4.834229999999997696e-02
1.163414999999999727e-01
2.176938100000000098e+00
1.294494999999999951e+00
8.129340000000000455e-01
4.579275000000001539e-01
1.580439999999999623e-01
1.287385000000001167e-01
1.592475000000000418e-01
3.029500000000001289e-02
2.857950000000009788e-02
7.457849999999993651e-02
7.228849999999999165e-02
6.952000000000002622e-02
6.233099999999990037e-02
