FramewiseDisplacement
1.427016000000000118e-01
7.154229999999998924e-02
8.871415000000004714e-02
1.090927000000000424e-01
7.598730000000003537e-02
5.893644999999998052e-02
4.310055000000001524e-02
5.138665000000001287e-02
3.262175000000001879e-02
6.869985000000000674e-02
5.386429999999999690e-02
3.669580000000000064e-02
4.758343499999999338e-02
6.408763499999997615e-02
5.956949999999999745e-02
7.778680000000000316e-02
7.898450000000001303e-02
1.271645100000000084e-01
5.369692999999999689e-02
6.050710999999998896e-02
8.083197999999999772e-02
1.181943599999999844e-01
2.686948999999999588e-02
7.734158999999998785e-02
6.479530000000001400e-02
3.139010000000000411e-02
5.408645000000000119e-02
4.917269999999999280e-02
2.893139999999999254e-02
1.891177900000000078e-01
1.207128100000000176e-01
8.322948000000000845e-02
1.044579049999999898e-01
1.038634649999999882e-01
4.914853000000000277e-02
3.732799999999999313e-02
2.711081999999999381e-02
2.717972000000001137e-02
5.054829000000000960e-02
1.070785299999999912e-01
5.463714999999998156e-02
1.025134599999999868e-01
1.142042100000000143e-01
7.411979999999999957e-02
2.831769000000000994e-02
6.736331000000000957e-02
6.346167999999999254e-02
7.219664000000000637e-02
3.783661000000001357e-02
3.953302499999999248e-02
4.675861499999998255e-02
6.688402999999999710e-02
1.951016999999999682e-02
3.448364599999999974e-02
7.495914600000000427e-02
3.009813000000000072e-02
5.753657499999999952e-02
4.203455499999998735e-02
4.580965000000000037e-02
2.507955499999999990e-02
9.402531499999999820e-02
6.331570000000000253e-02
5.481169500000000749e-02
1.484440350000000020e-01
1.148713999999999985e-01
5.448180399999999479e-02
7.516624899999999054e-02
3.725327010000000633e-02
5.109263509999999175e-02
5.372159000000000656e-02
5.248258000000001477e-02
7.431212999999999014e-02
6.404632000000000380e-02
7.562140000000000528e-02
3.182411000000000267e-02
4.668999999999999539e-02
6.193006249999999380e-02
6.688469250000000921e-02
6.539338000000000095e-02
5.073492000000000279e-02
7.851044000000000078e-02
7.170746999999999538e-02
7.933089000000000113e-02
3.147268999999999761e-02
3.711617999999999862e-02
7.905774499999999871e-02
4.771481500000000764e-02
6.761728000000000183e-02
7.282548999999999273e-02
6.347763500000000447e-02
3.235169000000000239e-02
1.062608400000000092e-01
6.648681499999999078e-02
5.442749999999998978e-02
3.323975999999999320e-02
1.061880449999999948e-01
8.853737899999999938e-02
7.730308399999999414e-02
4.948074500000000653e-02
3.264398100000000247e-02
1.238992609999999828e-01
1.429429949999999894e-01
9.155214600000001479e-02
7.883634600000000159e-02
9.923951999999998386e-02
6.638715000000000588e-02
1.265810200000000163e-01
6.355133500000000046e-02
1.221224649999999856e-01
4.593615000000000198e-02
4.777577000000000906e-02
7.877755999999999648e-02
1.384288800000000319e-01
8.318379000000000745e-02
6.223985999999999408e-02
5.090739700000000006e-02
3.876113720000000373e-02
3.281580820000000454e-02
4.219471400000000122e-02
4.483710999999999947e-02
6.026563500000000489e-02
4.614412000000000375e-02
9.214153000000001315e-02
4.604281999999999819e-02
5.749681499999999973e-02
4.899097499999999911e-02
2.679188500000000486e-02
6.821604500000000293e-02
6.629336999999999036e-02
1.834639999999999188e-02
3.045158249999999414e-02
1.034281250000000131e-02
7.149525499999999367e-02
9.530098500000000472e-02
7.042967999999999451e-02
1.378182877099999870e-01
1.033796642900000062e-01
1.044039569999999917e-01
1.406669829999999954e-01
5.054919999999999553e-02
5.543728700000000176e-02
7.322161000000000641e-02
9.610961500000000934e-02
2.940949699999999972e-02
4.557887849999999602e-02
2.794274249999999932e-02
1.189139719999999928e-01
1.299369410000000002e-01
7.640436899999999976e-02
9.847826499999999539e-02
8.220323000000000213e-02
8.300143199999999999e-02
7.305377500000001523e-02
3.586031000000000635e-02
2.482299999999999784e-02
5.986903999999999143e-02
4.111079000000000122e-02
1.614360999999999574e-02
3.283345999999999487e-02
5.010994999999998645e-02
6.253440000000000387e-02
9.200753799999999982e-02
3.186228800000000250e-02
7.105039999999999967e-02
4.014933999999999864e-02
1.030276499999999984e-01
9.450154499999997848e-02
2.835576699999999006e-02
4.534512899999999791e-02
1.302308009999999794e-01
1.134254900000000038e-01
3.776760999999997925e-02
8.787212499999999538e-02
7.179324499999999165e-02
4.811182999999999432e-02
1.351662399999999931e-01
9.312619999999999232e-02
6.757925000000000737e-02
5.024015000000001119e-02
4.690855000000000025e-02
4.083278999999999381e-02
1.090980499999999742e-01
1.139368299999999889e-01
6.929250000000000687e-02
4.543871000000000021e-02
1.105414999999999870e-01
1.020090899999999967e-01
5.997531000000000390e-02
8.839414999999999079e-02
4.970187000000001604e-02
5.163557000000000563e-02
5.811759999999998455e-02
3.768789999999999640e-02
2.475354999999999916e-02
1.081326499999999968e-01
8.842659999999999410e-02
5.517374999999999363e-02
7.762320999999999804e-02
4.121230000000000032e-02
9.004695999999999534e-02
7.007155399999998036e-02
8.598918900000000753e-02
4.225603500000000429e-02
4.931660000000000210e-02
2.037089999999999734e-02
3.822724999999999040e-02
3.328005000000001240e-02
8.315370099999999653e-02
6.103150100000000883e-02
8.860838000000000048e-02
9.386258000000000101e-02
3.247205000000001618e-02
2.749584000000002137e-02
5.573609000000000202e-02
4.482955000000001661e-02
5.926694999999998492e-02
3.936250000000003635e-02
6.349780000000002089e-02
3.337285000000000945e-02
4.434499999999998165e-02
5.620885999999999938e-02
5.864464000000001176e-02
8.139618500000000978e-02
5.334246500000001251e-02
6.844189999999999996e-02
5.248178499999998220e-02
3.112667499999999254e-02
3.977703999999997880e-02
4.683726000000001249e-02
2.679872999999997202e-02
7.031164000000002245e-02
3.581650000000000805e-02
1.816129999999997746e-02
4.570439999999999225e-02
8.070028499999999660e-02
6.964253500000000541e-02
4.648605999999998878e-02
4.553971999999998493e-02
5.715962999999999600e-02
4.352707299999999252e-02
5.079567700000000435e-02
7.753523000000001053e-02
5.896396000000000970e-02
8.271791000000000560e-02
2.660779999999999049e-02
4.546917799999998511e-02
2.893525800000000883e-02
4.850525999999999449e-02
2.619153499999999843e-02
7.515220499999998582e-02
6.745395999999999337e-02
1.811851000000000086e-02
2.740640499999998786e-02
3.469296499999998534e-02
5.735432000000000030e-02
3.714893999999999141e-02
4.921824000000001031e-02
2.405590000000000506e-02
3.161545999999997719e-02
2.631545799999999991e-02
5.636200199999999438e-02
6.173494000000000897e-02
1.025413199999999775e-01
9.395160000000001010e-02
5.819380499999998735e-02
4.105080949999999340e-02
7.013914550000001358e-02
6.484915000000000818e-02
6.029141500000001486e-02
5.594253500000002932e-02
8.000823399999999752e-02
4.521954400000001428e-02
4.288897000000002624e-02
8.269981499999999597e-02
7.525212999999998653e-02
3.019394500000002063e-02
6.424570300000002898e-02
3.620953299999998820e-02
3.301411999999999403e-02
7.434157000000000959e-02
5.239161999999999986e-02
5.343266999999997380e-02
2.590547999999998074e-02
6.960770500000000582e-02
4.027813500000002045e-02
9.777459000000002232e-02
3.834798000000000373e-02
4.430473100000000691e-02
5.308396420000001392e-02
