FramewiseDisplacement
1.721970000000000167e-01
7.246350000000002789e-02
5.218499999999996752e-02
1.846955000000000124e-01
9.919099999999994588e-02
4.786800000000000777e-02
1.198535000000000017e-01
1.747317000000000731e-01
3.675311999999999468e-01
2.924764999999999726e-01
3.098535000000000039e-01
9.792900000000005767e-02
6.627149999999989993e-02
1.451965000000000061e-01
3.917399999999993110e-02
5.179899999999995619e-02
4.433149999999998203e-02
4.495399999999999396e-02
2.909749999999997061e-02
4.710099999999992071e-02
8.955499999999954816e-03
5.287799999999996670e-02
1.107039999999999136e-01
3.904500000000001719e-02
7.110750000000004567e-02
6.640399999999997693e-02
3.043055000000000065e-01
3.206979999999999831e-01
2.805000000000000271e-01
6.598399999999997323e-02
3.160799999999997639e-02
9.822550000000004888e-02
1.159706999999999683e-01
5.854619999999999269e-02
4.842799999999999189e-02
3.114250000000001392e-02
4.013249999999999457e-02
5.022799999999997406e-02
5.115849999999999564e-02
1.037894999999999790e-01
3.627899999999999181e-02
5.460150000000004583e-02
3.117949999999995031e-02
2.726500000000005655e-02
6.272300000000005649e-02
1.047273999999999289e-01
5.581064000000000025e-01
2.685780000000000389e-01
1.230704999999999993e-01
7.140550000000001063e-02
1.020370000000000166e-01
8.019760000000003553e-02
6.005209999999997633e-02
3.621349999999999569e-02
4.267179999999996115e-02
2.547920000000004903e-02
1.776245000000000185e-01
3.367528999999999662e-01
6.362259000000000109e-01
3.236905000000000476e-01
1.725200000000000067e-01
2.839335000000000053e-01
2.315192999999999834e-01
6.110380000000001366e-02
8.780599999999995353e-02
8.012829999999998565e-02
1.684277999999999886e-01
1.774634999999999962e-01
8.927699999999999525e-02
6.099449999999997235e-02
6.943770000000000497e-02
7.302419999999995581e-02
6.121019999999999933e-02
6.651320000000000843e-02
1.341569000000000234e-01
2.558522999999999770e-01
1.532678999999999847e-01
1.818868999999999903e-01
1.046163000000000093e-01
7.731569999999998721e-02
3.872340000000000504e-02
9.721797000000001465e-02
3.976726999999999346e-02
2.137120999999999466e-02
3.878268999999999467e-02
7.500750000000000473e-02
4.307037999999999839e-02
1.409871000000001776e-02
2.900306000000001105e-02
1.731349999999998862e-02
7.273779000000001049e-02
5.339973999999999416e-02
7.070328000000000723e-02
7.373445000000000693e-02
4.618314200000001729e-02
4.559673800000000471e-02
3.191505000000000036e-02
5.595480000000001286e-02
3.439140000000000252e-02
2.440877300000000028e-01
3.639903999999999917e-01
3.806478999999999835e-01
7.366591999999999585e-02
1.276653500000000108e-01
1.273119500000000071e-01
8.483184900000001472e-02
5.485523899999998620e-02
8.361799999999999788e-02
2.003122200000000130e-01
1.379076499999999927e-01
1.132718999999999948e-01
3.840239999999999626e-02
3.475530000000000286e-02
1.446721499999999994e-01
1.412515500000000035e-01
6.877586000000000810e-02
1.035491599999999873e-01
3.431469000000000186e-02
7.302761999999998754e-02
3.792619999999999325e-02
4.151967999999999631e-02
6.499992000000000270e-02
1.152468600000000065e-01
1.429693499999999950e-01
1.631882500000000347e-01
1.531963600000000036e-01
5.951803999999999428e-02
8.410520999999999969e-02
1.007499399999999962e-01
5.549890999999999852e-02
3.091783000000000725e-02
5.418384000000001088e-02
5.346966000000000219e-02
3.173656999999999173e-02
8.724335999999999203e-02
9.435962999999999989e-02
5.931479499999999655e-02
9.992841500000000654e-02
5.122132999999999547e-02
5.526827999999999602e-02
4.279548999999999853e-02
3.890405000000000252e-02
4.729322999999999166e-02
7.703581099999999571e-02
5.063001599999999991e-02
5.179870000000000307e-02
2.152803500000000092e-02
6.283020000000000271e-02
5.987112200000000578e-02
2.738536700000000074e-02
2.096351849999999739e-01
2.314841700000000169e-01
2.669681600000000099e-01
1.545680899999999913e-01
3.906412000000000773e-02
8.213894999999998836e-02
5.697539000000000076e-02
9.355563000000000073e-02
6.119131000000000570e-02
9.396097999999999950e-02
8.071534999999999127e-02
5.682429999999998038e-02
7.225659999999997640e-02
5.880785000000000873e-02
8.844375000000002929e-02
1.804822999999999567e-01
2.681084000000000245e-01
9.188400999999998819e-02
1.840469700000000042e-01
1.636039900000000047e-01
1.852229399999999748e-01
1.108059759999999866e-01
1.500730660000000050e-01
5.901601000000000069e-02
2.708588000000001356e-02
4.992940000000002654e-02
5.276496999999999438e-02
7.245539999999998926e-02
1.178385199999999883e-01
8.798139999999998739e-02
5.049035000000000328e-02
1.636347099999999888e-01
2.621097900000000092e-01
1.899357199999999746e-01
7.869465000000000487e-02
3.275573000000000373e-02
5.761705000000000298e-02
7.022573000000001398e-02
7.670122999999999525e-02
1.216344999999999787e-01
5.036853999999999498e-01
4.717806500000000236e-01
1.979900500000000285e-01
1.004780500000000132e-01
2.953917549999999781e-01
2.377210149999999800e-01
4.221161000000000496e-01
4.576738200000000090e-01
1.121631099999999825e-01
5.943182000000000326e-02
9.256391999999999398e-02
6.009659000000000528e-02
5.877019000000000687e-02
7.434564000000001838e-02
7.966762000000000843e-02
4.035111000000000947e-02
6.252900999999999598e-02
7.004827999999999055e-02
5.994311999999999557e-02
2.291891599999999751e-01
6.271389400000000336e-01
3.088776000000000299e-01
8.434029999999999305e-02
1.067243000000000219e-01
1.812948499999999519e-01
2.263792500000000318e-01
9.182311999999999141e-01
3.291928499999999813e-01
2.422974999999999712e-01
1.002937500000000148e-01
9.574729999999999353e-02
5.695369999999999600e-02
7.851559999999999095e-02
5.316210000000001074e-02
6.175890000000000546e-02
6.999494999999997247e-02
5.744420000000000082e-02
8.704889999999998462e-02
7.901925000000004085e-02
7.855935999999998920e-01
6.402647999999999673e-01
4.378500000000000170e-01
2.437961000000000433e-01
6.100820000000001242e-02
2.410039000000000209e-01
3.614452999999999694e-01
7.457231999999999195e-01
3.430737999999999843e-01
3.378968699999999048e-01
2.300781800000000210e-01
6.100878999999994473e-02
3.500525900000000523e-01
6.758949999999994129e-02
4.795769999999998506e-02
7.291999999999997095e-02
1.020480400000000065e-01
2.176424899999999663e-01
2.433919499999999680e-01
8.491355000000000430e-02
1.754769999999999663e-01
1.529193000000000080e-01
1.848616000000000148e-01
1.155566499999999691e-01
1.158223000000000169e-01
1.283663999999999916e-01
1.606111500000000636e-01
1.068139999999999368e-01
2.228092999999999602e-01
1.725511999999999602e-01
1.176308999999999549e-01
1.201611299999999771e-01
5.497999000000004105e-02
1.988432800000000389e-01
4.931375000000000064e-01
4.348614000000000090e-01
3.687025999999999915e-01
3.775622000000000145e-01
2.822695000000000065e-01
4.653300499999998840e-01
3.735557499999999642e-01
1.003955000000000958e-01
5.173969999999994407e-02
8.820405000000000606e-02
1.904808000000000612e-01
1.048976500000000367e-01
7.782804999999996809e-02
2.439769500000000257e-01
1.790153999999998802e-01
3.103860000000000646e-02
1.349549999999999639e-01
2.630913999999999753e-01
2.517102500000000243e-01
1.052162500000000944e-01
7.843778000000001249e-01
4.326319000000000137e-01
2.320294500000000815e-01
2.264992999999998757e-01
1.285512999999999240e-01
1.101349999999999552e-01
