FramewiseDisplacement
1.491336050000000024e-01
1.633948550000000055e-01
1.983209499999999681e-01
2.555885999999999991e-01
2.310298365000000298e-01
2.127932864999999840e-01
1.738857449999999527e-01
9.802629499999998552e-02
1.584310499999999622e-01
2.128569800000000289e-01
1.863037000000000165e-01
8.375521999999999134e-02
5.774858999999996079e-02
9.338214000000003012e-02
9.143545000000002920e-02
8.941040000000000099e-02
1.020146500000000261e-01
9.581810000000005878e-02
6.485795000000003918e-02
4.991772000000004733e-02
1.183001799999999909e-01
1.047185500000000075e-01
1.906434999999998686e-02
1.115208800000000028e-01
6.108057000000000764e-02
5.103468000000004751e-02
1.249379500000000198e-01
1.778695399999999927e-01
1.641000450000000277e-01
1.232600520000000088e-01
1.790071870000000120e-01
1.526798000000000044e-01
1.167422099999999852e-01
6.333168000000000131e-02
9.892775999999994796e-02
9.301773500000000416e-02
1.809363950000000276e-01
1.985457650000000129e-01
1.316516249999999943e-01
1.151999599999999763e-01
1.115244400000000025e-01
8.075943999999998790e-02
1.003450899999999701e-01
1.746118999999999588e-01
1.222435999999999801e-01
5.932624999999998316e-02
1.619579999999999909e-01
1.067363999999999813e-01
6.048540000000001554e-02
1.130503500000000078e-01
9.546060000000000656e-02
5.996925000000000866e-02
8.334989999999999066e-02
1.002652500000000141e-01
7.708339999999999637e-02
5.561239999999999239e-02
1.640375649999999963e-01
1.233173649999999982e-01
1.286951149999999711e-01
1.350266649999999624e-01
6.236019999999996982e-02
7.570389499999999328e-02
1.044032049999999989e-01
1.157717350000000006e-01
7.492783499999997043e-02
1.497539444999999581e-01
1.004316145000000021e-01
3.151006499999998295e-02
6.290755500000000389e-02
9.099352000000002216e-02
1.111926100000000250e-01
1.831889000000000156e-01
2.057956900000000033e-01
1.858534899999999823e-01
9.715714999999999768e-02
6.913889999999997538e-02
1.519621499999999903e-01
9.931300000000001238e-02
7.167360000000001785e-02
1.353936500000000043e-01
1.724477349999999909e-01
1.693775849999999694e-01
2.240248900000000321e-01
1.895519650000000167e-01
1.987568349999999928e-01
1.724940699999999716e-01
1.600949050000000096e-01
1.181067349999999905e-01
6.981669000000000069e-02
1.164002499999999968e-01
8.085217999999999572e-02
1.232118299999999805e-01
1.783231999999999873e-01
1.914494700000000382e-01
1.999308600000000158e-01
1.575481549999999953e-01
1.062448649999999939e-01
4.793224999999999569e-02
7.814169999999999450e-02
1.044603500000000074e-01
7.902137499999999093e-02
7.020844800000000663e-02
1.526457179999999858e-01
2.018873840000000031e-01
1.821108390000000243e-01
1.822835150000000071e-01
1.888915150000000098e-01
1.928608099999999936e-01
1.329400599999999988e-01
1.250056700000000132e-01
1.387509700000000012e-01
9.714982299999999626e-02
7.948510300000000139e-02
5.959028524999999965e-02
7.747019025000000114e-02
3.140175000000000605e-02
1.465783650000000160e-01
1.996509829999999763e-01
1.871321400000000024e-01
1.367404530000000118e-01
5.250230499999999217e-02
6.275669000000000386e-02
5.622778999999999971e-02
8.844807699999999995e-02
1.111963230000000136e-01
9.849361500000000658e-02
7.323169499999999943e-02
1.498143849999999944e-01
1.502751750000000108e-01
1.419622249999999974e-01
1.744734800000000141e-01
1.038379299999999950e-01
6.879388999999999643e-02
1.250863499999999850e-01
7.884284299999999579e-02
5.921785899999999769e-02
9.591376399999999858e-02
3.517274900000000315e-02
1.129997942000000033e-01
1.243417097000000249e-01
7.016323709999999769e-02
1.406977900000000170e-01
1.775063000000000057e-01
1.701267300000000038e-01
1.724150059999999818e-01
1.451517860000000049e-01
1.263830049999999927e-01
8.345020500000001340e-02
6.543117000000001071e-02
7.587006250000000174e-02
6.409006750000000030e-02
1.406580490000000350e-01
1.840896460000000234e-01
1.918953230000000620e-01
1.817995730000000199e-01
2.054575200000000046e-01
1.758384500000000072e-01
1.517734299999999870e-01
1.521097999999999895e-01
1.345541000000000098e-01
1.466532150000000034e-01
2.043358949999999896e-01
2.098791650000000342e-01
2.027116350000000011e-01
1.931502900000000023e-01
7.202794999999997949e-02
4.163477000000000150e-02
1.093900400000000078e-01
1.702254599999999951e-01
1.638401300000000005e-01
1.504354299999999811e-01
1.171802399999999911e-01
1.006066055000000015e-01
9.798447550000000117e-02
4.751631000000000604e-02
1.027476500000000098e-01
8.041133000000000308e-02
1.015420100000000020e-01
1.234226400000000001e-01
1.266126800000000052e-01
8.929351000000000649e-02
1.238672500000000121e-01
1.327326100000000009e-01
1.672757999999999745e-01
1.833434100000000122e-01
1.718494999999999884e-01
1.686890500000000348e-01
1.430526099999999967e-01
2.329222299999999801e-01
2.325381199999999871e-01
1.233102999999999977e-01
8.931352999999998821e-02
8.896885999999999683e-02
6.934503999999999668e-02
6.906844999999998957e-02
8.089002999999998778e-02
1.135445749999999809e-01
1.164799049999999947e-01
1.025800199999999940e-01
1.230568199999999834e-01
7.629062999999998429e-02
3.773038499999999129e-02
8.146396400000001370e-02
7.069978850000001314e-02
6.655492949999999852e-02
6.007987500000001174e-02
7.013722999999999486e-02
1.045245299999999905e-01
9.015813000000000299e-02
9.348347249999998387e-02
1.488543575000000341e-01
1.510566250000000277e-01
1.203845599999999738e-01
7.330325999999999509e-02
2.365874000000000796e-02
5.230897999999998410e-02
1.497292950000000122e-01
3.730038000000001075e-01
2.819210000000000327e-01
1.893069999999999753e-01
1.923356499999999969e-01
1.477924149999999825e-01
8.757462000000001967e-02
6.139680499999999874e-02
9.651859999999998219e-02
7.230443000000000286e-02
1.137540450000000120e-01
6.626524499999998652e-02
5.583084999999999437e-02
6.723021600000000930e-02
1.329720659999999999e-01
1.878482900000000011e-01
1.396129399999999909e-01
1.497159500000000143e-01
1.081500200000000272e-01
9.402342000000003808e-02
1.214724200000000393e-01
1.126857299999999978e-01
1.149687999999999821e-01
7.583461999999999148e-02
3.961260000000000475e-02
7.238921999999999024e-02
3.749087000000000253e-02
7.438196499999999434e-02
7.901895500000000183e-02
3.143327999999999400e-02
8.700781999999999961e-02
1.183323999999999765e-01
1.126396350000000018e-01
9.718503500000001682e-02
7.102549999999999142e-02
1.157808000000000170e-01
1.341583000000000081e-01
9.777679999999999705e-02
6.946759099999996745e-02
1.145397609999999899e-01
1.667192399999999908e-01
1.080337900000000045e-01
9.069425000000000403e-02
1.106720450000000106e-01
9.764121000000000605e-02
6.426420500000000480e-02
6.701021000000000061e-02
5.065384000000001941e-02
7.261488999999997362e-02
5.042524999999999091e-02
7.773935000000001261e-02
7.175691000000000708e-02
7.229086499999999582e-02
4.056169000000001135e-02
8.803621499999997324e-02
1.642592800000000353e-01
1.561427950000000286e-01
1.078637350000000023e-01
1.044188399999999850e-01
1.385292899999999994e-01
1.485414999999999930e-01
2.351934999999999998e-01
1.643640949999999601e-01
1.685125450000000413e-01
2.042443500000000189e-01
1.881363250000000487e-01
1.714588749999999551e-01
1.477464999999999751e-01
1.317242500000000149e-01
1.208879849999999895e-01
4.115613499999998259e-02
8.953759999999999497e-02
8.835150000000001336e-02
