FramewiseDisplacement
1.349655000000000715e-01
1.181280000000000524e-01
7.811550000000000438e-02
8.445600000000004492e-02
1.425589999999999358e-01
1.375409999999999133e-01
1.388185000000000113e-01
1.881744999999999668e-01
1.905594999999999650e-01
8.647849999999998594e-02
9.920099999999999751e-02
1.182759999999999784e-01
1.929239999999999844e-01
1.914125000000000965e-01
8.116950000000008880e-02
8.347949999999998427e-02
4.709100000000007724e-02
1.016860000000000541e-01
9.454550000000004617e-02
1.105919999999999820e-01
1.350364999999999760e-01
1.431414999999999771e-01
1.659039999999999682e-01
1.409894999999999898e-01
1.119024999999999187e-01
9.215699999999997505e-02
1.018105000000000676e-01
7.231150000000002853e-02
4.716450000000003279e-02
8.242250000000000965e-02
7.285249999999998671e-02
6.702849999999999087e-02
9.931049999999992661e-02
5.237399999999996225e-02
5.975800000000004719e-02
1.388894999999999713e-01
1.478524999999999978e-01
1.891098000000000501e-01
1.279713000000000378e-01
1.164645000000000263e-01
1.081804999999999989e-01
6.948850000000006411e-02
5.701799999999997148e-02
1.069904999999999884e-01
9.539100000000004520e-02
2.795199999999998380e-02
6.683449999999997726e-02
8.210019999999999818e-02
9.011469999999999203e-02
1.109348999999999752e-01
1.504302999999999613e-01
1.920106000000000313e-01
1.942134999999999834e-01
1.776571000000000122e-01
1.255186999999999831e-01
1.052030999999999938e-01
4.151680000000002035e-02
1.299407999999999952e-01
1.160420999999999814e-01
1.311839999999999951e-01
1.654190000000000105e-01
1.956056999999999657e-01
1.509425000000000072e-01
1.548918000000000239e-01
2.074606999999999701e-01
1.263006999999999880e-01
7.251930000000000875e-02
4.191080000000005357e-02
8.142240000000001976e-02
1.363653000000000226e-01
1.145037999999999750e-01
1.321974999999999956e-01
1.756319999999999826e-01
1.380013000000000489e-01
1.482944999999999958e-01
1.525361000000000078e-01
1.353553999999999868e-01
1.382491000000000136e-01
1.202440999999999927e-01
1.353892999999999902e-01
1.196579000000000254e-01
5.444679999999998965e-02
1.127743000000000217e-01
2.258794500000000094e-01
4.289499000000000783e-02
9.477514000000002159e-02
6.526311999999999391e-02
4.941810000000000647e-02
1.039341199999999632e-01
1.070573599999999903e-01
5.720862999999999643e-02
1.265510699999999600e-01
7.640949999999999132e-02
5.036540000000001155e-02
3.809330000000003130e-02
6.667309999999998515e-02
1.186780999999999808e-01
6.459499999999999964e-02
4.097060000000000979e-02
1.113941999999999849e-01
3.923016999999999477e-02
3.409103000000000133e-02
6.017448999999999021e-02
8.963868999999997922e-02
7.590714199999998302e-02
5.326125199999998810e-02
1.355549600000000299e-01
1.051233100000000253e-01
4.433398999999999673e-02
1.050214200000000042e-01
1.374411899999999909e-01
1.108297499999999908e-01
9.305933000000000954e-02
1.972202900000000203e-01
2.053241999999999845e-01
1.176424999999999832e-01
1.051308199999999859e-01
1.751991899999999769e-01
1.619286799999999915e-01
1.737053800000000203e-01
8.456009999999999915e-02
1.082001999999999825e-01
1.417443949999999953e-01
1.105747150000000040e-01
7.137346999999999442e-02
3.747496999999999634e-02
7.623336000000000001e-02
1.048379299999999958e-01
1.291766650000000238e-01
9.303448000000000273e-02
1.147288550000000046e-01
1.523418350000000088e-01
1.599233250000000051e-01
1.981150275000000127e-01
1.308782759999999878e-01
4.412559970000000387e-02
4.841198680000000087e-02
5.194612999999998620e-02
1.076436199999999954e-01
1.332102000000000008e-01
4.705829999999999735e-02
8.875516000000001349e-02
1.938299400000000061e-01
1.071829799999999971e-01
1.135044770000000064e-01
7.680266699999999114e-02
6.090951499999999741e-02
4.744218000000000046e-02
4.894955500000000570e-02
6.215400500000001216e-02
7.863030999999999493e-02
1.003399650000000032e-01
1.610861000000000376e-01
1.637488099999999669e-01
1.324622099999999969e-01
1.286304199999999953e-01
1.116552799999999956e-01
9.285683499999999868e-02
8.404198000000000224e-02
8.973032499999999967e-02
1.025369400000000070e-01
5.098164499999999211e-02
3.473975499999999716e-02
6.046338000000001101e-02
1.097641349999999988e-01
1.270516549999999856e-01
1.480748449999999827e-01
1.366558250000000085e-01
1.408157750000000041e-01
6.227743499999999904e-02
8.066133000000000330e-02
1.283256200000000014e-01
8.259579999999999700e-02
1.417991299999999955e-01
1.578585799999999983e-01
6.259672099999999406e-02
1.285694490000000023e-01
1.651205899999999838e-01
1.603001499999999746e-01
1.992250109999999796e-01
1.980753810000000226e-01
1.595146500000000356e-01
1.292344500000000007e-01
1.985622199999999837e-01
1.305336700000000183e-01
1.337548700000000257e-01
1.582088000000000105e-01
1.224574699999999988e-01
1.083193900000000015e-01
8.477015999999999718e-02
9.162891000000000785e-02
5.788393999999999484e-02
4.292952399999999669e-02
4.793653200000000392e-02
5.017254600000000536e-02
4.305880999999999598e-02
4.850730999999999793e-02
6.179301000000000238e-02
1.365141299999999835e-01
4.630456499999999198e-02
5.822895999999999628e-02
3.553350000000000952e-02
1.177469099999999963e-01
1.175275900000000012e-01
1.029139249999999756e-01
9.724572499999997732e-02
3.463499999999999912e-02
6.695735499999999618e-02
1.214927899999999894e-01
1.507482649999999647e-01
1.109966000000000008e-01
9.697026499999999993e-02
1.128418000000000060e-01
1.360126500000000127e-01
1.682463999999999904e-01
1.622958000000000178e-01
1.268614500000000145e-01
7.917230000000000101e-02
4.846029999999999782e-02
3.923795000000000754e-02
1.260552699999999970e-01
6.630818999999998908e-02
1.360405099999999756e-01
1.275185839999999626e-01
1.178747320000000098e-01
8.280472699999999464e-02
1.014950325000000125e-01
1.101530425000000063e-01
1.360809099999999716e-01
1.433396600000000076e-01
1.126117999999999980e-01
8.969794999999999852e-02
9.300015000000000365e-02
3.019385000000001859e-02
4.415146799999999927e-02
6.509547799999999829e-02
1.885115500000000485e-02
1.401021849999999902e-01
9.562160000000000104e-02
2.267769999999997427e-02
5.838046999999998987e-02
6.924344500000001457e-02
3.953552500000000192e-02
1.073960499999999929e-01
8.751941999999998667e-02
7.841853499999999755e-02
5.138828500000001270e-02
7.178187500000000887e-02
5.013257499999999867e-02
8.195112500000001354e-02
8.634361999999996817e-02
4.004083499999998297e-02
4.637803199999999959e-02
1.230021779999999898e-01
1.089380900000000013e-01
1.034656400000000254e-01
1.285693400000000042e-01
1.128907600000000067e-01
1.114562600000000153e-01
1.094245999999999969e-01
1.224308500000000216e-01
1.116200900000000190e-01
1.289022800000000080e-01
1.361366799999999821e-01
7.892804999999997184e-02
1.293929649999999987e-01
8.494653500000001745e-02
5.650219999999998854e-02
7.783458999999996741e-02
9.625144000000002142e-02
2.646594999999998116e-02
4.951315000000001965e-02
7.130585000000003171e-02
7.419320000000001469e-02
1.162197500000000105e-01
1.220258099999999846e-01
1.179244599999999948e-01
1.255318049999999963e-01
1.512606950000000006e-01
1.238892599999999872e-01
1.362136509999999912e-01
1.740333390000000091e-01
1.197125500000000009e-01
1.157159930000000031e-01
1.110470930000000273e-01
1.053552100000000186e-01
5.743500999999999468e-02
2.704714999999997121e-02
7.793795000000000583e-02
