FramewiseDisplacement
2.591670000000000085e-02
4.739193500000002390e-02
7.408206499999998862e-02
6.260560000000002512e-02
4.204750000000002236e-02
3.514835000000002263e-02
6.000744999999998303e-02
4.178995000000001320e-02
6.256926500000001279e-02
2.392510499999998125e-02
3.184552999999996914e-02
2.480818500000001037e-02
3.158241500000001645e-02
2.193715499999999638e-02
6.173246500000000025e-02
1.194784899999999928e-01
1.170879300000000206e-01
5.271120999999998058e-02
3.189238999999999963e-02
4.264201000000000796e-02
1.416232000000000948e-02
2.026172000000000736e-02
4.122845000000001370e-02
5.355935000000001944e-02
4.892170000000001240e-02
2.781319999999997197e-02
4.390625000000001471e-02
6.685290000000000676e-02
5.643585000000001656e-02
2.841979999999999507e-02
1.969719999999999804e-02
6.237160000000000620e-02
4.121329999999998744e-02
4.333199999999999552e-02
2.858045000000000030e-02
2.860009999999999636e-02
1.971274999999999070e-02
3.441570000000000046e-02
4.113935000000000508e-02
4.268224999999999797e-02
3.180700000000000194e-02
5.636533000000000515e-02
4.917853000000001196e-02
5.136534000000001626e-02
6.400524000000000491e-02
4.288075000000000220e-02
3.785850000000000326e-02
3.175709999999999644e-02
2.536139999999999575e-02
6.290820000000001133e-02
2.385639100000000457e-01
1.093639100000000086e-01
2.202334999999999363e-02
5.785014999999999602e-02
1.607514999999999639e-02
2.425855000000000025e-02
4.467035000000001144e-02
4.637780000000000374e-02
2.698934999999999529e-02
4.638169999999999793e-02
3.689415000000000749e-02
3.212559999999999721e-02
4.182080000000001213e-02
4.412969999999999393e-02
2.935260000000000646e-02
4.076325000000000087e-02
4.154189999999999966e-02
2.606584999999999805e-02
3.747750999999999860e-02
1.482583400000000162e-01
3.305625649999999749e-01
1.750934150000000022e-01
1.455327499999999885e-01
1.191129250000000084e-01
8.850565500000000252e-02
3.727076000000001388e-02
3.374436999999999576e-02
3.681877000000000066e-02
1.418540000000000252e-02
3.357851999999999365e-02
4.541321500000002065e-02
5.258717400000001430e-02
1.823603899999999903e-02
2.641119000000000105e-01
1.789298000000000000e-01
7.409040000000001458e-02
4.721420000000001171e-02
2.616042000000000367e-02
6.169707000000000663e-02
3.624909999999999244e-02
4.580945000000000156e-02
4.063289999999999264e-02
3.296383999999998732e-02
2.792636000000000424e-02
4.674064999999999470e-02
3.420904999999999779e-02
1.646049999999999597e-02
5.171175199999999972e-02
4.768670200000001136e-02
8.573592500000000449e-02
3.659972500000000656e-02
2.813100000000000669e-02
1.457800000000000068e-02
2.634265000000001605e-02
6.559650000000000203e-02
2.111583999999999961e-01
2.500771300000000363e-01
6.744413000000000491e-02
6.357709000000000277e-02
1.909188499999999594e-02
3.746280000000000443e-02
3.228384999999999588e-02
4.100830000000000447e-02
2.123600000000000140e-02
7.742399999999999977e-03
1.798383999999999400e-02
4.200505000000000211e-02
2.422511000000000109e-02
6.226249999999999146e-03
1.107759000000000348e-02
4.282443600000000045e-02
3.720580100000000362e-02
3.981187399999999710e-02
1.254028899999999960e-02
7.751490000000000637e-03
5.951180000000000359e-02
3.142775999999999903e-02
2.377838999999999994e-02
1.839087550000000348e-01
1.812926000000000260e-01
3.999089999999999590e-02
7.249258500000001215e-02
3.881685499999999733e-02
3.701644000000001156e-02
3.658256000000000008e-02
2.224190000000000195e-02
3.920726000000000766e-02
2.817191000000000833e-02
2.148484999999999631e-02
4.274725999999999526e-02
3.293081499999998829e-02
4.820542499999999619e-02
7.732435000000001390e-02
3.303499599999999981e-01
2.352250039999999875e-01
3.895507599999999820e-02
2.120554000000000189e-02
3.334313000000000554e-02
3.545699499999999810e-02
3.572607500000000297e-02
2.460684999999999609e-02
3.151242999999999406e-02
2.251493470000000274e-02
4.792046169999998606e-02
3.083168299999999862e-02
2.723561000000000037e-02
2.690541000000000113e-02
3.258069680000000301e-02
5.966051560000000531e-02
6.242155240000000355e-02
4.071013499999999452e-02
3.319836500000000051e-02
2.378730999999999901e-02
3.630289499999999475e-02
2.261414500000000216e-02
5.799068999999999058e-02
3.703042000000000139e-02
4.884754999999999653e-02
8.864401849999999083e-02
1.668057584999999843e-01
1.493997200000000136e-01
7.878475000000000061e-02
4.751512000000000097e-02
4.326744999999999897e-02
3.852478999999999626e-02
6.230923000000000711e-02
1.922090000000000604e-02
3.673734000000000721e-02
3.365218999999999155e-02
2.506509000000000861e-02
4.358711200000000424e-02
1.388884400000000435e-02
2.622902200000000808e-02
2.764071099999999559e-01
2.207647000000000082e-01
9.531414999999998638e-02
4.343518999999999158e-02
3.545855200000001123e-02
1.037696600000000136e-02
1.918376700000000434e-02
3.794917499999999472e-02
4.491358699999999787e-02
2.831531300000000514e-02
4.883124600000000870e-02
5.473016600000001064e-02
3.687365000000001475e-02
3.484035500000000340e-02
3.284001500000000018e-02
4.049903000000001224e-02
4.794693000000000566e-02
4.402104999999999907e-02
4.880908000000000468e-02
2.687640999999999641e-02
3.223110700000000328e-01
2.426877400000000129e-01
6.135100999999999749e-02
5.369790000000000674e-02
3.109267000000000628e-02
9.394157999999999675e-02
6.941628000000001075e-02
5.040396999999999933e-02
3.645369999999999860e-02
1.698847499999999733e-01
3.683391500000000041e-01
2.752680349999999665e-01
2.049199349999999975e-01
8.669920000000000404e-02
5.728395000000000015e-02
3.547750000000000209e-02
7.294080000000001396e-02
2.650470000000000603e-02
6.043835000000000873e-02
4.250233000000001177e-02
3.506788000000000266e-02
3.135901999999998746e-02
2.805166999999999730e-02
4.407862999999998671e-02
1.835346000000000546e-02
3.778596000000000732e-02
2.432410000000001168e-02
4.396390000000001408e-02
7.392911000000000621e-02
4.207895999999999859e-02
4.769638000000001044e-02
2.368292769999999492e-02
2.961840770000000872e-02
2.509418999999999539e-02
2.547613000000000308e-02
1.247980999999999743e-02
1.053270199999999795e-01
1.059454200000000124e-01
1.664406700000000128e-01
1.729356000000000296e-02
2.187570999999998572e-02
2.227108000000000559e-02
4.058213000000001486e-02
3.480156999999999001e-02
4.780857000000000162e-02
4.834355000000001290e-02
2.289813000000000265e-02
5.743720499999999118e-02
7.000908000000000131e-02
5.253094500000000944e-02
1.603888599999999942e-01
2.708170699999999931e-01
1.983336699999999619e-01
6.114986000000001420e-02
7.160387999999999475e-02
5.692932500000000284e-02
3.347855500000000012e-02
5.532150999999999735e-02
5.743618999999999808e-02
3.812689999999999135e-02
4.467733999999999595e-02
3.549725000000000796e-02
5.692187500000001066e-02
1.156184499999998380e-02
1.695834999999999357e-02
2.741550000000001278e-02
3.628869999999997931e-02
1.999073799999999679e-01
1.235178700000000157e-01
1.678183500000000050e-01
7.307380000000000819e-02
6.764594000000000162e-02
5.199391000000001817e-02
2.202130000000000754e-02
3.126009999999999206e-02
1.594360000000000221e-02
3.345954999999999763e-02
2.639005999999999991e-02
2.465054000000000203e-02
1.644809000000000201e-02
3.877817200000001352e-02
8.031374799999999037e-02
3.750634999999997998e-02
1.009677499999999950e-01
2.388551999999999897e-01
1.618363499999999899e-01
