FramewiseDisplacement
1.078855899999999618e-01
1.186219499999999899e-01
1.239925499999999930e-01
1.606079999999999730e-01
1.495691100000000051e-01
1.418737899999999996e-01
1.177331000000000211e-01
9.279780000000001361e-02
9.176749999999997409e-02
8.724919999999995734e-02
7.230079999999999840e-02
6.809199999999997199e-02
8.886409999999998754e-02
4.710390000000005267e-02
5.024260000000002613e-02
8.276780000000003024e-02
4.171133999999998565e-02
6.613972999999995217e-02
3.554663000000002349e-02
8.787714000000002024e-02
8.294150000000002909e-02
7.125600000000002765e-02
3.461119999999999475e-02
6.202889999999997711e-02
6.185660000000000464e-02
1.546875000000000056e-01
1.437138000000000304e-01
1.092359999999999859e-01
9.010479999999998491e-02
7.013500000000001677e-02
7.957019999999997983e-02
7.898619999999999253e-02
7.471549999999997638e-02
7.307929999999998594e-02
4.697450000000000236e-02
6.509210000000001384e-02
6.082150000000003526e-02
5.046739999999999560e-02
5.816359999999998198e-02
9.817420000000003089e-02
5.200210000000001637e-02
4.960759999999998782e-02
8.816630000000001688e-02
1.028455500000000078e-01
7.021024999999997407e-02
5.349529999999999563e-02
4.298999999999997962e-02
6.808409999999995299e-02
6.263089999999997548e-02
5.065394999999998926e-02
2.511205000000000381e-02
3.366099999999998954e-02
3.640257999999999688e-02
7.458687999999998042e-02
1.295302999999999871e-01
1.326556000000000124e-01
1.155458109999999705e-01
7.253671099999997596e-02
6.153410000000000823e-02
8.503608999999996698e-02
8.683309000000001554e-02
7.023950000000002414e-02
9.167050000000001586e-02
1.247954999999999898e-01
9.761179999999997081e-02
5.235919999999998076e-02
5.275859999999997496e-02
7.007299999999999640e-02
6.026939999999996606e-02
5.701090000000001018e-02
1.261398299999999806e-01
9.213242999999997351e-02
6.598249999999999948e-02
8.014625000000000221e-02
8.356289999999998164e-02
1.332098500000000185e-01
1.146661200000000241e-01
5.036826999999999971e-02
4.502440000000001302e-02
6.714934999999996879e-02
6.671874999999997946e-02
4.284360000000000945e-02
7.234784999999999133e-02
6.692895000000000094e-02
7.853689999999996507e-02
7.383790000000001186e-02
7.678320000000002366e-02
9.717064999999998343e-02
7.817340000000000400e-02
7.229125999999999608e-02
1.512041100000000027e-01
1.631487600000000315e-01
1.307810499999999820e-01
1.367403099999999760e-01
5.609499999999999209e-02
5.646204999999998586e-02
1.204251499999999947e-01
1.389193999999999984e-01
1.156592500000000190e-01
1.129070000000000074e-01
9.176396000000000552e-02
1.117973600000000123e-01
6.872590000000000643e-02
2.253525000000000666e-02
1.500249999999999327e-02
4.278680000000000677e-02
7.958175000000000665e-02
9.040355000000001306e-02
2.091569500000000081e-01
1.680937000000000126e-01
1.625118499999999577e-01
9.917069999999998664e-02
6.268064999999997666e-02
5.790299999999998920e-02
4.762409999999999560e-02
6.009814999999998214e-02
1.005831200000000120e-01
1.373363900000000026e-01
4.285296000000000244e-02
1.871805000000000690e-02
4.031023000000000939e-02
3.521082999999999852e-02
5.333681000000000533e-02
6.531093000000000315e-02
5.732557000000000624e-02
5.369503999999999250e-02
6.127901000000000181e-02
5.999149999999998928e-02
1.036080449999999958e-01
9.062516000000001015e-02
7.705976500000001617e-02
4.443836000000001007e-02
4.602206000000000352e-02
5.638271000000000949e-02
7.050050000000000761e-02
9.124394000000000948e-02
7.609525999999999790e-02
6.489990000000001036e-02
6.338582000000000938e-02
4.034815999999999403e-02
1.004186550000000094e-01
7.005667270000001667e-02
4.587018770000000911e-02
5.306584000000000995e-02
5.817775430000000914e-02
1.166761387000000011e-01
1.043861049999999929e-01
9.813428999999998514e-02
7.042087499999999389e-02
6.076464249999999345e-02
9.452113550000000586e-02
9.874249200000000115e-02
1.763165200000000321e-01
1.829693550000000002e-01
6.213542999999999844e-02
7.666533700000000007e-02
2.266348220000000135e-01
1.101495999999999864e-01
1.042596500000000231e-01
5.914724999999999844e-02
4.350825000000000525e-02
4.521875000000000894e-02
5.846298999999999246e-02
1.172235600000000044e-01
7.997144999999999948e-02
4.970892999999999839e-02
6.552774000000000099e-02
7.175646000000000801e-02
4.077019579999999199e-02
1.005697258000000094e-01
7.113543000000001337e-02
7.192803500000000128e-02
1.698389650000000084e-01
9.618301999999998020e-02
7.553408000000001732e-02
4.858181999999999084e-02
4.800438999999999401e-02
1.043733200000000055e-01
8.110143000000000213e-02
3.944440999999999919e-02
7.061276000000001052e-02
8.824528000000000927e-02
4.995029000000000829e-02
4.349585999999999036e-02
6.772210000000000729e-02
4.724984000000001516e-02
6.501582000000000194e-02
5.799762999999998753e-02
1.512098000000001129e-02
4.478941000000000172e-02
6.220634000000001967e-02
5.572610000000000063e-02
4.951863000000002180e-02
2.361607900000000163e-02
6.691610420000002057e-02
9.477535480000000290e-02
5.489244000000000068e-02
5.103986999999998719e-02
2.828046999999998118e-02
3.712119999999999309e-02
2.260696999999999013e-02
2.083223700000000345e-01
1.330875999999999726e-01
4.804109999999997549e-02
1.018098999999999948e-01
1.116522999999999821e-01
8.142039999999999000e-02
7.289774999999999727e-02
7.713974999999997917e-02
3.755010000000000986e-02
1.643828999999999985e-01
5.139070000000000443e-02
5.015659999999999563e-02
5.936229999999999285e-02
2.702349999999999544e-02
6.895390000000001240e-02
1.792869999999998493e-02
7.680639999999999690e-02
1.204915999999999765e-01
1.100734000000000296e-01
1.510654999999999915e-01
1.408430999999999711e-01
6.361179999999996837e-02
2.740009999999999668e-02
4.428229999999996891e-02
1.038925999999999877e-01
5.128379999999999050e-02
7.149999999999999412e-02
6.959770000000001233e-02
6.558089999999999753e-02
6.402949999999996145e-02
4.511949999999999295e-02
7.799570000000000114e-02
8.869720000000004545e-02
2.251109999999999223e-02
6.629809999999998482e-02
7.211240000000000705e-02
7.093130000000000268e-02
5.433509999999995566e-02
3.438320000000000265e-02
7.420009999999999106e-02
2.587879999999998654e-02
7.214790000000000092e-02
1.404730999999999896e-01
1.246975000000000028e-01
1.259054999999999758e-01
1.184072999999999931e-01
5.794719999999999038e-02
4.462109999999996218e-02
4.932050000000000323e-02
4.187950000000000006e-02
5.390459999999997615e-02
6.490250000000000186e-02
6.231429999999999608e-02
7.342770000000002628e-02
5.066060000000005559e-02
8.156530000000000724e-02
6.704070000000002250e-02
6.746970000000000744e-02
1.033414999999999612e-01
7.933079999999999299e-02
5.283749999999996089e-02
3.102400000000000296e-02
3.844229999999995706e-02
4.971969999999997086e-02
2.904520000000001753e-02
6.181670000000000220e-02
6.190880000000004157e-02
2.574519999999998199e-02
4.536619999999998848e-02
9.126289999999995239e-02
9.337370000000000392e-02
8.022180000000002364e-02
2.805159999999997517e-02
6.654300000000007431e-02
4.398840000000005246e-02
3.732459999999997169e-02
5.935070000000000623e-02
4.747439999999999993e-02
6.230700000000000127e-02
5.236789999999998113e-02
6.702160000000000062e-02
5.583559999999998524e-02
4.896769999999998901e-02
6.248980000000007445e-02
9.723270000000000524e-02
3.919730000000002518e-02
4.107370000000000465e-02
7.198239999999997418e-02
