FramewiseDisplacement
2.578644999999999965e-01
2.385662899999999587e-01
1.676230400000000287e-01
9.704999500000002777e-02
2.310079449999999923e-01
2.225066500000000003e-01
2.325586500000000056e-01
2.251110000000000055e-01
2.257039499999999865e-01
2.879764999999999686e-01
1.564315950000000066e-01
9.037763500000001171e-02
8.389328000000001451e-02
5.977070000000002381e-02
8.612804999999999767e-02
2.914569999999999661e-02
4.995405000000001372e-02
3.726199999999998957e-02
6.190854999999999969e-02
1.231478200000000189e-01
7.947461999999999582e-02
1.778427999999999953e-01
1.694055299999999986e-01
2.095765800000000401e-01
2.341761000000000259e-01
2.209323499999999996e-01
2.107828500000000216e-01
2.300560000000000105e-01
2.411345000000000016e-01
2.160188500000000122e-01
1.790533500000000000e-01
1.910167999999999866e-01
1.497175699999999943e-01
1.840087699999999882e-01
1.443607499999999821e-01
1.375785499999999939e-01
1.539694000000000063e-01
1.589561500000000183e-01
1.885135000000000005e-01
8.127509999999998902e-02
8.701632000000000811e-02
1.185961700000000008e-01
1.088352499999999945e-01
1.382463999999999638e-01
9.646384999999997600e-02
1.619371000000000005e-01
2.183441200000000304e-01
1.727855249999999954e-01
1.679340450000000040e-01
1.820158399999999843e-01
1.727087599999999890e-01
5.920251000000001373e-02
7.169809999999998684e-02
8.429366000000000636e-02
1.598056599999999605e-01
1.473397499999999916e-01
1.652072499999999999e-01
1.186677499999999885e-01
8.116520000000000679e-02
8.121674999999999034e-02
2.718380000000000449e-02
2.581924999999999845e-02
5.983791500000001234e-02
2.958874500000001004e-02
1.221132299999999893e-01
1.454803899999999872e-01
1.762005300000000219e-01
1.034504499999999994e-01
3.036575999999999720e-01
3.713839500000000182e-01
1.777037749999999805e-01
6.579268000000000616e-02
1.104317550000000064e-01
1.108475050000000128e-01
8.827050499999999911e-02
1.585975500000000038e-01
9.337559999999998916e-02
6.450385000000000146e-02
3.798155000000000281e-02
7.235845000000000471e-02
8.936339999999999562e-02
6.124955000000001371e-02
3.123094999999998303e-02
5.167429999999997858e-02
1.553324000000000371e-01
5.399719999999998826e-02
2.005199999999998650e-02
1.578074500000000158e-01
2.320292500000000202e-01
2.746755000000000169e-01
2.783819899999999681e-01
8.157168999999998837e-02
8.733330000000001647e-02
1.321054500000000131e-01
1.144666000000000156e-01
7.189719999999999445e-02
1.743714999999998114e-02
6.243644999999999057e-02
5.987680000000000780e-02
6.316029999999998867e-02
4.586259999999998949e-02
1.354374000000000133e-01
1.459211499999999995e-01
8.075919999999997545e-02
1.529478160000000142e-01
1.707967660000000165e-01
1.425860999999999934e-01
1.024153000000000008e-01
3.071614999999998374e-02
1.280169999999999919e-01
2.078413600000000305e-01
1.651661099999999771e-01
1.864801999999999849e-01
1.167241500000000126e-01
5.134955000000000075e-02
4.753110000000002056e-02
6.445545000000002522e-02
3.117309999999999179e-02
6.017140000000001376e-02
1.381870000000000043e-01
1.243664999999999493e-01
7.539099999999997193e-02
1.043137999999999843e-01
1.200885000000000008e-01
1.470872000000000013e-01
1.257554999999999923e-01
2.912841349999999996e-01
1.312029949999999889e-01
6.742618999999999696e-02
4.891335499999999864e-02
5.493622500000001907e-02
5.645477000000000134e-02
7.896229000000000442e-02
5.923455000000001081e-02
7.923273000000000121e-02
7.997431000000000678e-02
9.541462000000000554e-02
1.044592399999999949e-01
8.013091000000002739e-02
5.555546500000001220e-02
4.465962499999999447e-02
1.900110999999999814e-02
6.276308999999997973e-02
7.686182499999999473e-02
3.416525421899999637e-01
2.020026971899999968e-01
1.293348700000000184e-01
1.578548750000000056e-01
1.266666949999999681e-01
7.821821000000001023e-02
7.414752999999998928e-02
1.331492999999999982e-01
4.707050299999998577e-02
5.366806299999999502e-02
8.064286000000001065e-02
3.760487999999999331e-02
6.555466199999999966e-02
4.662831700000000940e-02
7.237760999999999501e-02
7.345815499999999720e-02
3.811330999999999053e-02
3.667092500000000699e-02
8.378515000000000268e-02
5.616477499999999318e-02
1.474879050000000025e-01
3.109246350000000048e-01
1.133391700000000030e-01
3.204241000000000728e-02
1.084431299999999987e-01
1.355747000000000202e-01
1.048811370000000132e-01
1.102213070000000184e-01
1.742949400000000371e-01
1.773664999999999825e-01
1.038723199999999902e-01
6.029639499999998875e-02
7.171997500000000525e-02
7.774801000000000628e-02
1.547125399999999817e-01
2.204682299999999873e-01
1.946379049999999999e-01
1.813776149999999920e-01
1.910608135000000374e-01
1.177365635000000160e-01
5.122024999999999495e-02
1.395205000000000577e-02
4.476654999999999524e-02
5.798234500000000458e-02
5.612500499999999864e-02
4.055175000000000446e-02
2.809114999999999529e-02
8.164176499999999115e-02
5.075326499999999880e-02
5.981410000000000893e-02
6.823605000000000642e-02
3.968649600000000860e-02
3.858874600000001404e-02
1.170346000000000164e-01
1.016582249999999910e-01
6.190517500000000672e-02
6.482484999999998942e-02
6.958450000000000746e-02
3.768470000000000153e-02
9.921680000000000776e-02
5.143106999999999540e-02
3.795288999999998913e-02
7.773393999999998749e-02
1.448160499999999740e-01
7.660999999999999754e-02
3.995075000000000709e-02
1.067519000000000107e-01
2.271531499999999981e-01
2.359212590000000220e-01
2.403550940000000191e-01
1.334001500000000229e-01
1.965962149999999908e-01
1.569227149999999904e-01
1.220043050000000073e-01
8.114448500000001618e-02
1.082556199999999691e-01
1.529978049999999867e-01
1.660069859999999953e-01
9.601048400000002092e-02
1.105392700000000089e-01
1.635993900000000112e-01
1.289522700000000077e-01
3.185205000000000675e-02
7.672595000000000109e-02
7.540865000000000762e-02
1.357691849999999867e-01
1.523997849999999821e-01
3.997460000000000596e-02
1.767688099999999707e-01
1.461061800000000022e-01
1.320352899999999996e-01
6.088103999999999738e-02
1.167249499999999940e-01
2.574275600000000552e-01
3.073669050000000236e-01
1.167648550000000146e-01
7.417276999999999898e-02
5.109064999999998746e-02
1.257229500000000000e-01
1.075282000000000043e-01
1.280583649999999796e-01
1.163619649999999978e-01
1.492595399999999961e-01
8.446219000000000643e-02
7.159604500000001093e-02
1.331144100000000163e-01
2.867626649999999722e-01
2.216737500000000027e-01
1.203659500000000132e-01
7.669974999999999710e-02
9.983480000000000132e-02
5.821905000000000829e-02
2.418079800000000057e-01
2.833155705000000024e-01
1.335654355000000237e-01
1.338595660000000132e-01
8.978389999999999982e-02
3.740431000000001699e-02
8.267084999999999018e-02
9.066270849999999437e-02
1.217865234999999935e-01
1.489664900000000070e-01
5.480232500000000589e-02
4.402259799999999612e-02
5.507386800000000499e-02
1.246285499999999907e-01
6.106407900000000721e-02
1.589157110000000150e-01
1.241501599999999816e-01
8.542434000000000138e-02
3.103966299999999512e-01
1.546466400000000019e-01
1.079543100000000255e-01
2.467484999999999470e-02
9.608215000000003281e-02
1.264505900000000016e-01
1.029784600000000216e-01
2.532542800000000538e-01
2.368282100000000390e-01
7.858301999999998955e-02
1.053513900000000031e-01
8.844890000000002472e-02
5.509583400000001019e-02
7.045208400000002591e-02
1.740058839999999996e-01
