FramewiseDisplacement
8.402745000000000353e-02
6.856019999999997394e-02
8.562689999999997803e-02
5.847499999999999226e-02
2.233274999999998456e-02
4.504129000000001160e-02
9.203648999999998470e-02
1.398573499999999914e-01
1.585861500000000368e-01
1.322807000000000288e-01
1.140789499999999984e-01
7.402079999999995608e-02
1.253313999999999817e-01
8.512205000000001853e-02
2.320189999999997671e-02
8.222054999999997560e-02
9.252599999999999714e-02
7.083420000000001382e-02
7.107629000000000030e-02
1.070362900000000062e-01
6.737339999999998608e-02
5.995190000000000241e-02
8.102750000000001618e-02
1.197086000000000261e-01
1.670260000000001188e-02
7.397810000000000497e-02
7.359009999999999163e-02
4.999699999999998590e-02
6.573470000000000701e-02
1.184690999999999939e-01
2.717429999999999499e-02
8.360030000000001627e-02
9.885755999999998322e-02
1.065743599999999930e-01
4.546470000000001066e-02
7.812559000000002252e-02
9.556009000000001419e-02
8.257460000000001188e-02
5.813919999999999505e-02
1.181026000000000020e-01
1.058216999999999908e-01
5.002920000000002365e-02
8.081634000000001428e-02
1.324502400000000246e-01
1.702323499999999767e-01
9.878449999999998343e-02
4.648179999999999673e-02
8.432364999999999999e-02
1.108890000000000153e-01
1.082123499999999988e-01
7.944935000000000191e-02
5.482120000000000049e-02
5.071219000000000421e-02
5.030409000000001657e-02
2.866330000000001307e-02
3.552580999999997713e-02
7.806110999999998912e-02
9.796180000000001553e-02
1.175121500000000097e-01
1.131433500000000036e-01
1.024194000000000077e-01
6.211755000000000054e-02
6.431199999999999417e-02
3.538454999999999379e-02
1.281716499999999981e-01
1.165063499999999669e-01
5.960554999999997938e-02
7.320045000000000024e-02
7.538674999999998849e-02
1.814218099999999612e-01
1.010818599999999956e-01
1.048754499999999951e-01
1.308970000000000411e-01
1.175913000000000097e-01
9.512419999999999209e-02
5.253359999999999280e-02
9.517869999999997721e-02
8.225563999999999099e-02
3.632714000000000776e-02
3.818284000000000955e-02
6.156311000000001116e-02
1.144128899999999893e-01
1.345683500000000032e-01
9.660969999999997893e-02
7.014027999999998542e-02
3.618239000000000177e-02
1.000588800000000028e-01
9.772351000000001342e-02
1.206511599999999934e-01
8.747209999999999708e-02
1.452260000000000356e-02
8.642019000000000784e-02
1.014794400000000041e-01
8.963104999999998990e-02
1.175963000000000147e-01
5.343099999999999933e-02
1.278283600000000020e-01
1.068757199999999935e-01
4.239834000000000658e-02
4.109072000000001113e-02
1.212534000000000112e-01
5.102482000000000545e-02
8.511633999999998479e-02
6.908236999999999017e-02
1.083843000000000167e-01
1.297692500000000027e-01
8.389946000000000903e-02
9.528550499999999257e-02
1.487109350000000163e-01
1.340123500000000023e-01
1.023079999999999962e-01
6.377115000000001255e-02
4.489409999999999928e-02
5.235204999999999720e-02
5.284414999999998558e-02
8.135199999999999376e-02
1.097423399999999660e-01
5.358888999999999320e-02
2.465139999999999346e-02
7.779194999999999860e-02
8.519594999999997864e-02
9.222970000000001167e-02
7.722930000000000073e-02
2.487268999999999938e-02
1.138731399999999977e-01
8.106551500000000465e-02
8.498265000000000680e-02
7.419680000000000719e-02
2.794379499999999350e-02
2.676229999999998888e-02
8.749584499999998877e-02
1.124217199999999889e-01
9.122587499999999794e-02
8.237790000000000390e-02
4.021105999999999986e-02
7.402065500000000464e-02
1.124776100000000056e-01
9.939805499999998517e-02
4.373143999999999643e-02
4.742016999999999760e-02
1.279526249999999865e-01
1.149046799999999952e-01
1.366866799999999771e-01
1.155395149999999815e-01
8.169490000000000085e-02
2.771451200000000017e-02
5.854401800000000322e-02
9.786669300000000460e-02
9.650752299999999784e-02
1.111098649999999882e-01
4.499547500000000005e-02
9.559340500000000629e-02
1.598355850000000022e-01
1.319274149999999923e-01
1.151566899999999921e-01
7.989646999999999721e-02
8.410676500000000000e-02
4.766595500000000291e-02
5.628824299999999475e-02
1.005828350000000093e-01
1.146282749999999878e-01
6.920698199999998634e-02
3.451934499999999989e-02
6.707056999999999602e-02
9.911997499999999905e-02
4.563734499999999583e-02
4.396672000000000080e-02
8.154837499999997852e-02
5.772751499999999314e-02
1.392628199999999816e-01
1.335078999999999849e-01
9.261284999999999656e-02
8.222599500000001005e-02
7.291011000000000020e-02
1.149697549999999929e-01
1.176699949999999995e-01
1.110252899999999848e-01
8.617829500000001586e-02
1.169803450000000133e-01
6.480704999999999105e-02
9.170209999999998085e-02
8.000824500000000561e-02
8.755175000000001151e-02
4.495570000000000122e-02
7.982529999999998793e-02
7.076363500000000528e-02
1.107986849999999940e-01
9.766690000000000094e-02
6.106669499999999723e-02
7.553364499999999648e-02
1.437165350000000064e-01
1.939723899999999945e-01
8.386595000000002242e-02
1.188580590000000159e-01
7.877945899999999613e-02
7.217954999999999510e-02
5.400859999999999689e-02
9.971885999999999250e-02
1.303512099999999951e-01
1.114288099999999893e-01
1.134373600000000010e-01
1.084120001999999833e-01
1.110907998000000008e-01
9.310810000000002695e-02
1.122944300000000006e-01
1.248173819999999906e-01
1.285748619999999842e-01
3.822138999999998010e-02
1.270821599999999996e-01
1.552158529999999870e-01
7.506914000000000642e-02
1.178104550000000361e-01
7.351867100000003541e-02
6.411382900000003882e-02
1.097214560000000227e-01
1.232167170000000034e-01
8.486930700000000494e-02
1.100494100000000003e-01
5.094739000000000906e-02
1.032157000000000213e-01
1.336191000000000184e-01
7.622927000000000175e-02
1.153476300000000065e-01
8.836997000000000602e-02
6.567373999999999434e-02
2.992242999999999639e-02
6.926737000000003641e-02
5.225478999999997459e-02
7.407765999999997575e-02
9.781779999999998254e-02
1.042503100000000266e-01
1.049226500000000201e-01
8.874144000000001864e-02
5.381454000000000792e-02
1.106338999999999934e-01
1.402939200000000164e-01
1.717545900000000125e-01
1.060983100000000151e-01
1.574773700000000054e-01
1.290261399999999836e-01
9.923284000000000271e-02
1.155566299999999935e-01
3.757040000000001767e-02
1.146919300000000114e-01
1.202779899999999735e-01
1.549420400000000031e-01
9.184490000000002097e-02
5.307185000000001068e-02
2.903041199999999988e-01
1.420369300000000057e-01
1.261609999999999954e-01
1.410312699999999864e-01
3.907072999999999796e-02
1.033673999999999843e-01
1.052306999999999826e-01
1.229977999999999766e-01
1.392265749999999913e-01
8.253904500000000533e-02
3.267720999999999820e-02
4.585656999999999928e-02
5.424606000000000566e-02
7.276680000000002035e-02
9.122699999999997478e-02
4.339859999999999551e-02
8.075129999999998420e-02
1.145972400000000307e-01
6.428456000000000448e-02
7.237445999999997381e-02
1.208235000000000281e-01
1.204136000000000095e-01
2.441449999999998829e-02
1.341150299999999962e-01
7.340317999999999843e-02
1.117491400000000384e-01
1.529225900000000249e-01
1.290503300000000186e-01
1.421683000000000252e-01
1.411187140000000340e-01
8.349535599999997892e-02
1.669609999999999844e-02
1.079120000000000357e-01
1.302639999999999632e-01
1.466369000000000145e-01
1.356278999999999957e-01
7.909844000000001984e-02
8.209675999999999085e-02
6.372569999999999624e-02
1.460316000000000114e-01
8.098847299999996363e-02
