FramewiseDisplacement
1.620380000000000431e-01
1.006049499999999708e-01
8.859084999999999877e-02
7.388939999999996622e-02
5.258580000000002974e-02
1.393290499999999821e-01
7.444433999999999774e-02
1.156173899999999588e-01
1.074845700000000015e-01
1.415373199999999942e-01
1.064406500000000533e-01
1.099269500000000233e-01
1.321776499999999799e-01
1.156787499999999969e-01
4.742445000000001382e-02
9.847999999999994258e-02
7.867140000000004407e-02
4.918209999999999943e-02
1.457481999999999944e-01
1.567288499999999751e-01
7.800260000000001914e-02
5.639990000000002363e-02
9.037760999999999711e-02
1.363234200000000285e-01
8.864601000000002506e-02
6.515939000000001147e-02
1.135107300000000041e-01
1.489096299999999873e-01
5.862524999999997599e-02
4.267808000000001406e-02
8.915849999999998776e-02
1.383548899999999804e-01
4.221824999999999883e-02
6.180541999999999286e-02
5.299517500000000547e-02
6.039734499999996342e-02
1.075993800000000084e-01
6.563589000000001616e-02
9.628412999999999555e-02
7.873504000000000613e-02
6.643736500000001211e-02
8.083505499999998900e-02
1.053178200000000203e-01
8.338569499999999579e-02
6.434518500000002694e-02
6.807429000000002339e-02
1.633554100000000064e-01
1.247135324999999878e-01
9.339465750000001953e-02
9.734463000000002919e-02
1.212111750000000043e-01
6.140176500000001092e-02
5.086812999999998364e-02
7.719596999999998876e-02
9.661681749999999347e-02
8.394184749999999973e-02
4.266963500000001824e-02
6.533639499999999156e-02
1.096389499999999850e-01
5.938376000000002153e-02
4.687386500000002842e-02
1.040921949999999985e-01
1.464391000000000165e-01
1.004081300000000121e-01
9.506657999999995612e-02
1.810671999999999837e-01
1.363102600000000164e-01
1.098129599999999872e-01
8.395771000000000484e-02
8.217264999999997210e-02
9.797530999999998214e-02
9.718849000000003013e-02
9.024812499999997073e-02
5.959614000000001272e-02
1.401436149999999714e-01
1.456761099999999975e-01
6.032296999999998965e-02
5.484287000000000190e-02
1.678411599999999892e-01
1.517619249999999920e-01
1.168081250000000126e-01
1.179886699999999761e-01
8.413980700000001089e-02
1.742213670000000159e-01
1.368765300000000518e-01
1.308062099999999783e-01
1.077539799999999853e-01
8.029545999999999906e-02
1.926025499999999835e-01
9.609515500000001542e-02
1.080209900000000250e-01
1.018006150000000248e-01
9.204637999999999709e-02
5.220093000000000649e-02
8.312776999999998973e-02
4.859720400000001883e-02
8.696776400000003071e-02
1.816621350000000024e-01
4.534231599999999918e-01
2.827445949999999875e-01
2.977357700000000107e-01
1.358279699999999923e-01
6.812166999999999528e-02
6.302222799999999958e-02
8.314024200000000309e-02
1.246242999999999934e-01
1.250819400000000026e-01
1.530873100000000042e-01
1.116322200000000181e-01
7.662910000000000554e-02
7.658785000000001286e-02
1.542367499999999780e-01
1.477438000000000085e-01
7.764807999999999433e-02
5.889003000000003069e-02
1.253017899999999962e-01
1.915510099999999660e-01
1.727507324999999760e-01
8.034593249999999465e-02
5.664613999999999067e-02
7.775118000000000307e-02
1.224368499999999860e-01
8.531594500000000414e-02
1.067270049999999859e-01
5.147975999999999941e-02
6.085634499999999225e-02
3.982666500000000415e-02
9.615107000000000514e-02
9.779148000000001395e-02
9.255719999999999226e-02
1.052359300000000053e-01
7.513128100000000809e-02
8.350288600000001227e-02
1.272594750000000108e-01
6.962346999999999286e-02
4.827311500000000533e-02
5.590822499999999889e-02
9.994622000000000228e-02
6.273839000000000499e-02
1.257771689999999942e-01
3.659940899999999941e-02
7.753009499999999332e-02
7.703324000000000282e-02
5.728578500000000573e-02
8.834462599999999555e-02
6.411879000000000883e-02
4.644062499999999927e-02
9.832885999999999016e-02
9.377486999999999628e-02
1.396984249999999872e-01
1.115363199999999944e-01
1.046324200000000038e-01
1.285884999999999945e-01
1.837509200000000120e-01
1.376414499999999985e-01
1.282456699999999783e-01
8.673089500000000229e-02
9.825748999999998901e-02
1.133132249999999897e-01
1.056884900000000099e-01
1.646741399999999689e-01
1.028165299999999893e-01
7.323722000000000565e-02
8.367662000000000710e-02
8.689665000000000583e-02
4.301358999999999044e-02
7.196207500000001422e-02
5.666935500000000459e-02
1.077608100000000124e-01
7.048168000000001876e-02
8.501946999999999977e-02
8.637920999999999794e-02
5.104933999999999861e-02
7.409773899999999580e-02
6.985562099999999275e-02
1.274214800000000036e-01
1.012251700000000032e-01
7.192869999999999819e-02
7.054580000000000573e-02
1.185417999999999888e-01
8.521550000000001346e-02
5.502890000000000559e-02
7.091264999999997987e-02
1.003935749999999988e-01
7.485672500000001284e-02
5.954450499999999757e-02
5.977939499999999212e-02
7.083559999999999857e-02
8.355233349999999226e-02
2.940580350000000093e-02
1.198093099999999744e-01
1.385727049999999905e-01
6.682674000000002335e-02
5.696132500000000015e-02
6.057756000000000252e-02
9.132722000000000062e-02
3.190537999999999014e-02
5.884513999999999717e-02
7.771191000000000904e-02
1.820915844999999866e-01
2.391504055000000240e-01
1.271885549999999809e-01
8.087681000000000731e-02
1.084965287500001124e-02
6.079948787499998841e-02
6.930098000000001202e-02
5.062435000000000546e-02
4.896615000000001383e-02
1.145426999999999973e-01
7.643864999999998300e-02
1.496667250000000005e-01
7.083407499999999635e-02
4.409509499999998000e-02
7.285390499999998271e-02
1.197626000000000107e-01
1.578198499999999838e-01
8.101700000000000568e-02
9.105525500000001549e-02
9.324849999999998418e-02
7.650565499999997798e-02
1.095602599999999649e-01
7.231207000000000606e-02
1.121943699999999877e-01
1.041241499999999987e-01
9.308427999999999147e-02
9.552122999999999864e-02
8.091745000000000188e-02
6.836515000000001341e-02
1.869927500000000131e-01
1.629286500000000082e-01
8.998874999999997848e-02
4.400372999999999785e-02
1.148116699999999907e-01
8.140285000000001270e-02
5.167140000000000621e-02
8.866079999999998407e-02
7.587080000000000213e-02
7.617170000000000885e-02
1.279796500000000004e-01
1.078149499999999927e-01
4.285974999999999507e-02
9.059124999999998429e-02
9.489105000000000456e-02
9.094119999999999981e-02
7.127519999999999689e-02
6.432726499999999459e-02
3.721478000000000286e-02
9.549624500000000737e-02
9.648755000000003301e-02
1.204669500000000171e-01
8.837419999999997222e-02
7.420479999999997356e-02
3.791544999999998250e-02
7.243400000000001226e-02
5.664200000000001178e-02
4.508830000000000476e-02
9.724254999999995541e-02
1.239028499999999672e-01
1.085676499999999739e-01
2.444340999999999875e-01
2.692574000000000356e-01
6.624131999999999243e-02
1.057192849999999823e-01
1.484032049999999825e-01
1.234647000000000105e-01
7.504070000000000185e-02
1.018543499999999685e-01
1.214554099999999720e-01
1.092824099999999965e-01
1.301034050000000053e-01
1.115983050000000087e-01
1.876715499999999648e-01
5.711550000000002736e-02
1.157490000000000185e-01
7.951495000000000091e-02
4.655110000000001885e-02
1.014752000000000015e-01
6.925744999999999818e-02
9.536619999999997044e-02
7.912784999999999958e-02
1.170736300000000119e-01
2.923722999999999947e-02
1.182815000000000255e-01
8.727635000000001642e-02
7.375300999999996610e-02
1.097638899999999890e-01
9.931360000000000188e-02
1.162230999999999681e-01
1.077587999999999741e-01
