FramewiseDisplacement
4.738800000000004120e-02
9.139469999999998151e-02
9.075140000000003759e-02
8.897920000000000829e-02
1.366427000000000058e-01
9.665099999999997304e-02
5.158809999999998397e-02
7.630219999999998670e-02
4.579970000000001956e-02
9.906199999999983075e-03
6.334009999999996865e-02
1.102686999999999973e-01
6.518400000000000583e-02
7.200379999999999281e-02
9.540019999999999056e-02
8.871349999999995906e-02
6.040360000000002255e-02
7.396510000000000584e-02
6.389150000000003160e-02
3.201429999999999554e-02
6.644270000000000731e-02
3.760120000000001517e-02
3.511680000000001745e-02
9.664219999999999755e-02
1.026561100000000087e-01
5.905351000000000350e-02
3.947760000000000158e-02
9.848339800000002753e-02
3.498209800000001701e-02
3.099194999999999381e-02
4.669825000000001058e-02
4.757090399999999025e-02
8.225560399999999606e-02
3.001279999999998185e-02
3.734089999999996856e-02
1.078823999999999755e-01
8.321499999999998343e-02
2.327890000000000514e-02
5.406526999999999861e-02
7.453067999999998805e-02
8.798230999999999413e-02
3.358363999999998406e-02
6.868836999999999859e-02
6.917076999999999254e-02
4.482500999999997071e-02
1.946188000000000085e-02
7.658893999999999425e-02
9.696809000000002066e-02
1.910668000000001823e-02
2.893825000000000217e-02
5.925276000000000154e-02
6.697015000000000606e-02
8.043702000000001184e-02
3.266027999999999987e-02
4.093904000000000987e-02
4.755967199999998340e-02
4.791810799999998705e-02
4.230024000000000284e-02
4.629281999999999841e-02
5.102039000000001268e-02
6.768356000000000372e-02
5.736914000000001290e-02
5.983581000000001010e-02
4.821962999999999944e-02
4.736254000000000852e-02
3.522117000000003079e-02
4.023740000000001343e-02
2.722240700000001096e-02
2.618403299999999545e-02
3.748050999999999466e-02
5.596320000000000461e-02
6.621239000000000985e-02
4.170871000000000300e-02
9.276003000000000720e-02
7.427424999999998612e-02
3.728989999999999388e-02
5.373126999999999071e-02
4.714733000000000118e-02
7.587284999999999169e-02
2.780572000000000252e-02
2.663008999999999862e-02
4.797402999999999390e-02
2.755055000000000004e-02
7.983679999999999943e-02
6.874190000000000855e-02
9.273770500000000361e-02
8.984115500000000587e-02
7.850376500000001700e-02
4.452521500000000687e-02
5.930148999999999837e-02
5.506214999999999027e-02
8.194851000000000218e-02
2.843435000000000407e-02
2.870608999999998620e-02
5.069925000000000126e-02
4.435303999999999636e-02
2.518354999999999552e-02
3.745031999999999528e-02
6.306773000000000240e-02
6.757324999999998749e-02
3.385975000000000790e-02
4.534890000000000448e-02
4.623955999999999206e-02
2.735295999999999908e-02
7.502929999999999322e-02
4.023645000000000693e-02
4.359683499999999351e-02
3.163183499999999704e-02
2.611669999999999964e-02
5.881108000000000863e-02
2.965911999999999715e-02
4.865804999999999436e-02
3.847219999999999807e-02
2.763284000000000226e-02
5.491230000000000416e-02
2.974906000000000078e-02
5.048796999999999313e-02
5.374432000000001208e-02
4.728827000000001418e-02
2.190677999999999376e-02
4.084990999999999622e-02
8.089205000000000700e-02
5.054050000000000209e-02
7.722898499999999999e-02
7.735779500000000697e-02
4.312059499999999074e-02
6.176726999999999218e-02
4.928047400000000466e-02
5.908721599999999796e-02
5.045211999999999614e-02
3.488266500000000714e-02
5.411264000000000352e-02
5.268104349999998964e-02
6.185374749999999339e-02
1.051305999999999768e-02
5.877950899999999368e-02
2.054620000000000404e-02
7.287384999999999002e-02
1.303673800000000049e-01
6.550389499999999254e-02
1.216701450000000073e-01
5.893283399999999644e-02
4.815967599999999849e-02
8.212922699999998521e-02
4.539323530000000106e-02
4.802226769999999589e-02
8.654356200000000443e-02
5.313126299999999108e-02
5.745354099999999686e-02
4.453933600000001269e-02
1.667639699999999905e-02
7.430151500000001241e-02
8.261720400000001352e-02
3.502417099999999978e-02
4.297305400000000358e-02
4.409811299999999434e-02
2.135726299999999786e-02
6.538488399999999034e-02
4.140511399999999981e-02
4.893272799999999478e-02
5.227474700000000335e-02
4.208338000000000356e-02
1.778824440000000007e-01
1.087628349999999744e-01
3.339731499999999687e-02
6.615412499999999418e-02
4.629485499999999587e-02
5.397328499999999585e-02
7.506219000000000086e-02
7.725774299999998984e-02
5.455041800000000329e-02
6.300216000000000149e-02
4.308773500000000201e-02
8.208946500000000035e-02
4.676094399999999873e-02
2.652988499999999611e-02
5.913760600000000228e-02
5.136923000000000183e-02
3.637782000000000515e-02
4.746914399999999784e-02
3.531442400000000398e-02
4.147018000000000232e-02
6.504000999999998145e-02
2.234178499999998554e-02
3.409355999999999498e-02
1.695028799999999738e-02
5.773339199999999449e-02
3.526962499999999889e-02
5.152841999999999839e-02
4.665136500000000713e-02
8.277159499999998948e-02
4.023062500000000596e-02
4.310000500000000373e-02
4.387579499999999522e-02
2.359165499999999610e-02
6.287038000000000348e-02
6.308922000000000141e-02
9.723767999999997913e-02
1.012601599999999880e-01
8.763072000000000916e-02
1.372796899999999820e-01
5.440758999999999179e-02
6.118583000000000355e-02
1.078034299999999918e-01
1.118073178000000001e-01
5.500746779999999420e-02
7.139729999999999688e-02
5.513020000000000420e-02
3.386280000000000540e-02
4.547779999999999184e-02
7.678920999999999664e-02
8.832670999999998884e-02
4.254229999999999817e-02
6.218274999999999497e-02
3.515665000000000456e-02
7.186144999999999339e-02
7.568342300000001355e-02
9.880792300000000583e-02
4.477595000000000186e-02
7.208610499999999754e-02
6.965358499999999009e-02
6.423226000000001323e-02
8.743198000000002024e-02
5.568909999999999832e-02
4.480225000000000180e-02
7.525207999999998509e-02
8.823514000000000357e-02
1.136579999999999951e-01
7.166116000000000152e-02
6.649524999999999186e-02
1.298763099999999948e-01
8.324560999999999766e-02
3.107229999999999714e-02
7.137107600000000551e-02
8.168889899999999538e-02
9.403432300000001687e-02
8.027544000000000346e-02
1.092275700000000099e-01
1.043420799999999898e-01
4.040814999999998991e-02
8.334693999999999436e-02
6.771544000000000174e-02
4.540584999999999066e-02
9.274754499999998680e-02
8.453215499999998384e-02
6.775600999999999152e-02
6.405513999999999653e-02
1.100196599999999775e-01
5.851730999999999600e-02
4.272084000000000298e-02
4.321001000000000009e-02
9.068613799999999947e-02
8.548057800000000150e-02
6.194775000000000975e-02
6.817652999999999908e-02
8.905736000000000208e-02
8.063779000000000086e-02
5.839484999999999815e-02
8.671914999999999485e-02
2.190834199999998344e-02
8.454940799999999257e-02
4.253325000000002243e-02
7.712257999999999614e-02
5.238142999999999966e-02
6.562740000000001628e-02
2.446325000000000582e-02
4.048237000000001057e-02
5.577087999999998796e-02
5.561698999999999810e-02
3.690939000000000025e-02
7.472257999999999678e-02
1.508290000000000325e-02
4.656086000000000252e-02
3.150434000000000567e-02
8.959969999999999046e-02
1.426389999999999776e-02
8.390422000000000158e-02
6.541438000000000808e-02
4.622380000000000239e-02
8.622273999999999217e-02
6.293278000000002148e-02
5.772328999999998961e-02
9.089749999999997832e-02
9.203036400000001727e-02
4.898532100000000528e-02
8.440447500000000658e-02
3.111531999999999493e-02
4.807808500000000651e-02
6.688520500000000313e-02
