FramewiseDisplacement
7.978270000000001194e-02
7.075960000000000583e-02
3.790190000000001613e-02
9.673560000000000492e-02
1.749632000000000409e-01
1.612692000000000292e-01
6.917399999999995774e-02
3.373160000000000047e-02
9.952569999999999473e-02
9.096289999999999931e-02
5.970690000000004188e-02
6.935830000000002549e-02
1.579559999999999576e-01
9.242099999999997539e-02
3.922450000000000936e-02
9.753310000000001145e-02
1.492473000000000272e-01
1.279263000000000206e-01
1.376136000000000303e-01
1.101628000000000329e-01
2.894567499999999849e-01
3.641178499999999651e-01
2.262582999999999955e-01
8.459770000000002566e-02
8.533280000000002807e-02
7.828710000000001223e-02
1.071702999999999684e-01
1.047295000000000031e-01
5.470659999999999412e-02
8.845799999999999497e-02
9.652500000000001357e-02
9.413680000000002046e-02
6.284959999999999158e-02
2.013419999999999932e-01
2.186232799999999754e-01
2.949173999999999546e-02
8.192524000000001028e-02
4.523039999999998312e-02
1.216848999999999847e-01
1.553157999999999761e-01
1.569345999999999797e-01
1.650144999999999806e-01
1.679708000000000034e-01
2.965321999999999680e-01
2.113655000000000117e-01
2.528293500000000082e-01
1.082098500000000241e-01
9.740206000000001252e-02
8.723529000000002087e-02
9.900661999999997576e-02
1.418422900000000098e-01
1.816509000000000040e-01
1.082094000000000528e-01
1.514388999999999597e-01
1.203314000000000050e-01
1.416298000000000001e-01
3.111960000000000073e-02
5.651540000000000036e-02
5.713810000000001110e-02
7.012390000000001677e-02
1.570207040000000109e-01
8.685740400000002692e-02
8.048660000000003312e-02
8.582399999999999751e-02
6.405740000000001433e-02
4.643809999999999605e-02
1.112063000000000079e-01
1.106924000000000241e-01
4.152460000000002260e-02
8.495179999999999398e-02
9.362170000000002990e-02
3.879770000000000441e-02
6.803320999999999674e-02
7.472626000000000268e-02
2.109988499999999878e-01
1.630609999999999560e-01
1.145588000000000301e-01
9.008540000000002379e-02
1.326544000000000334e-01
2.662273900000000082e-01
2.145878199999999847e-01
4.562711000000000544e-02
8.888106999999996483e-02
1.010357799999999778e-01
1.692903000000000047e-01
1.825463999999999976e-01
1.375677499999999887e-01
8.112465999999997346e-02
6.398016000000000814e-02
1.423029999999999608e-02
5.832070000000000309e-02
5.890345000000001691e-02
1.272931499999999938e-01
1.645070499999999880e-01
1.297871499999999623e-01
5.028489999999999349e-02
5.782094999999997514e-02
1.832987500000000380e-01
6.531656500000002086e-02
2.496487050000000263e-01
5.540716000000001085e-02
8.575740999999999226e-02
9.783682999999999963e-02
6.501670699999999303e-02
7.376446299999998846e-02
1.116434449999999801e-01
1.882536949999999987e-01
1.667648499999999923e-01
9.385008499999998588e-02
9.979926499999998424e-02
1.103290650000000039e-01
6.580099999999999838e-02
8.442550000000000054e-02
1.323928850000000157e-01
8.102824249999998618e-02
5.899025749999998319e-02
4.133760000000000212e-02
4.818380000000000579e-02
1.113071500000000075e-01
7.578835000000000433e-02
5.841784999999999339e-02
2.894914999999998947e-02
6.911480000000000401e-02
5.070784999999999182e-02
4.069504999999999650e-02
5.945999999999999203e-02
7.035622500000000834e-02
2.545842499999999980e-02
4.803021999999999847e-02
6.155958000000000263e-02
6.686234999999998707e-02
5.058021999999999518e-02
7.879817000000001459e-02
1.173535899999999937e-01
7.872698999999999669e-02
9.161442999999999670e-02
1.085854699999999895e-01
3.167456500000000175e-02
4.529739999999999461e-02
3.948990499999999876e-02
1.132275100000000034e-01
6.457676999999999168e-02
5.373417000000000471e-02
1.877441300000000091e-01
1.516836290000000143e-01
3.211721700000000346e-02
6.161685000000000079e-02
5.668006999999999906e-02
2.780088999999999477e-02
4.006670000000000370e-02
6.240932999999999897e-02
4.858934000000000170e-02
1.682886700000000013e-01
2.517214499999999577e-01
1.831049500000000163e-01
2.168309499999999945e-01
1.924166499999999946e-01
2.062729350000000184e-01
8.396365000000000078e-02
9.810084000000000859e-02
7.403447000000000500e-02
7.313742500000000590e-02
1.103295250000000116e-01
5.802104350000000799e-02
7.529971850000001521e-02
5.731520500000000101e-02
5.296523999999998983e-02
3.224282399999999771e-01
1.949163500000000160e-01
1.036467000000000083e-01
8.585909999999999376e-02
9.570348500000000480e-02
9.521504999999999552e-02
6.968365499999999713e-02
1.132695600000000052e-01
9.037593500000000446e-02
2.386991999999999586e-02
1.090935999999999989e-01
4.467734999999999762e-02
6.312452999999999814e-02
8.074038000000000048e-02
5.731630000000000058e-02
4.083252999999999189e-02
4.993457999999999231e-02
6.033991999999999828e-02
3.923232000000000108e-02
5.263474500000000361e-02
4.560382349999999446e-02
8.240326150000000516e-02
1.010510149999999940e-01
2.936044500000000237e-02
9.617959000000000924e-02
5.054244499999999141e-02
8.631799999999997808e-02
2.513028999999999957e-02
5.249633499999999814e-02
7.744144800000000994e-02
8.241769800000001145e-02
1.086692075000000313e-01
9.197226749999999618e-02
6.271856000000000653e-02
6.339670499999999764e-02
4.258559250000001212e-02
5.158386000000000915e-02
5.028031499999999904e-02
8.593999249999999257e-02
6.148676999999999615e-02
4.144476650000000068e-02
7.330023600000001860e-02
6.198458349999998174e-02
3.857033700000000315e-02
1.074458799999999936e-01
2.497880519999999827e-01
1.239885630000000100e-01
7.492699700000002294e-02
3.710660000000000347e-02
1.340535500000000213e-01
1.001095599999999863e-01
7.925010999999998473e-02
5.626254499999998326e-02
5.193425499999999861e-02
1.030846800000000119e-01
6.712625800000000809e-02
6.525821199999999600e-02
6.075042000000000636e-02
1.271430849999999890e-01
8.306859499999999508e-02
5.815293000000001239e-02
1.089303000000000077e-01
6.562826000000000770e-02
9.783458999999999905e-02
5.191910499999999318e-02
7.149153049999999732e-02
3.001386049999997876e-02
1.236604650000000111e-01
9.642247000000001012e-02
6.703940499999999636e-02
5.669294500000000847e-02
6.099934000000001300e-02
4.394039999999999752e-02
3.118230000000001001e-02
5.568266499999997843e-02
7.183082000000005907e-02
5.098687999999994974e-02
4.461561799999998190e-02
1.032635730000000251e-01
7.324134999999998286e-02
1.018933899999999865e-01
9.206400500000003206e-02
9.548624949999995337e-02
6.046202950000000020e-02
3.794845500000003369e-02
2.086911699999999537e-01
1.550444199999999884e-01
8.507741499999996182e-02
2.050568499999998878e-02
2.931540499999996455e-02
1.697592749999999595e-01
1.812736749999999952e-01
7.265872999999999082e-02
1.065273799999999771e-01
4.265390499999998503e-02
1.020115600000000011e-01
4.314185999999999716e-02
4.367742500000000583e-02
4.145831999999999989e-02
4.718868000000001062e-02
5.738632000000003230e-02
1.248358800000000518e-01
1.842741400000000029e-01
8.693614000000005060e-02
1.476554050000000451e-01
7.232269000000000891e-02
1.575117500000000337e-01
4.223356999999999806e-02
4.455247999999996378e-02
4.939714500000001729e-02
9.776842999999998951e-02
5.574636000000000174e-02
4.085369500000000237e-02
4.162215000000001747e-02
5.160085500000000103e-02
1.868164099999999606e-01
1.525336099999999862e-01
3.733499999999997238e-02
9.977989500000002121e-02
1.120461500000000110e-01
5.137383999999999701e-02
9.777013999999999150e-02
