FramewiseDisplacement
1.050495429999999675e-01
3.368389200000000000e-02
2.156799999999998649e-02
7.811492000000001823e-02
8.937161999999998496e-02
7.833517000000002339e-02
7.302965000000000151e-02
3.594561899999999810e-02
5.274601899999999122e-02
4.018606500000000692e-02
5.092491500000000115e-02
6.258988999999999525e-02
7.421429999999999694e-02
6.018357999999999347e-02
8.135095999999999994e-02
7.232875999999997807e-02
2.644127999999998022e-02
6.053361399999996478e-02
5.558941400000001754e-02
5.010896200000002076e-02
6.266296999999998452e-02
9.524083999999999328e-02
5.305878000000000677e-02
5.285803400000001206e-02
7.974835400000000740e-02
5.726417999999999092e-02
4.378662000000001914e-02
7.068852000000003244e-02
4.806219999999999243e-02
7.918420000000001013e-02
5.616579999999999490e-02
5.860070000000000556e-02
6.440389999999998616e-02
2.507779999999999038e-02
3.726739999999999914e-02
6.953169999999998796e-02
3.843169999999999920e-02
3.859629999999999311e-02
6.263850000000001361e-02
8.338485000000002423e-02
5.201850000000000224e-02
6.061779999999999946e-02
6.275109999999999022e-02
5.409704999999998681e-02
1.812939999999999691e-02
9.443429999999998492e-02
5.383369999999999128e-02
7.409140000000000170e-02
1.113202999999999970e-01
1.172935999999999840e-01
6.760715000000000474e-02
6.571349999999998026e-02
4.457154999999998757e-02
7.421569999999999556e-02
1.067637499999999906e-01
3.068089999999998665e-02
8.149690000000001100e-02
8.683125000000001259e-02
5.617070000000001784e-02
7.214110000000001355e-02
7.693060000000000176e-02
8.414079999999998782e-02
6.174669999999998771e-02
5.519970000000000432e-02
4.390364999999999546e-02
7.094729999999999093e-02
3.809299999999999492e-02
4.205865000000000298e-02
2.195079999999999601e-02
5.364520000000000399e-02
8.811200000000000976e-02
9.995446500000000623e-02
9.660358500000000570e-02
8.088098000000000509e-02
4.830088999999999910e-02
8.391091999999998607e-02
2.714365000000000527e-02
6.138320000000001969e-02
8.113239999999999341e-02
8.697544499999998457e-02
4.683685499999999668e-02
2.777565000000000589e-02
7.219749000000000305e-02
9.274123999999998869e-02
7.120000000000001328e-02
6.217070000000000929e-02
5.925265000000000393e-02
2.565757999999999928e-02
8.478228000000000153e-02
7.750890000000000557e-02
4.090709999999999485e-02
7.177939999999999321e-02
9.922554199999998603e-02
2.721283199999999583e-02
6.655830999999999553e-02
7.633300000000001195e-02
7.488623259999999116e-02
7.548627059999998834e-02
8.702158799999998307e-02
1.300123499999999988e-01
1.027912399999999921e-01
5.922787000000000190e-02
5.650246999999999908e-02
6.943815000000000404e-02
9.307870000000001420e-02
2.423397000000000051e-02
6.264524000000000481e-02
4.358678999999999332e-02
6.375072500000000808e-02
3.981224500000000305e-02
8.044794999999999030e-02
8.881790000000000518e-02
3.048475000000000490e-02
2.103155000000000302e-02
6.422284999999999799e-02
7.885638999999999843e-02
5.234269999999999895e-02
7.215902999999999901e-02
6.659757000000000871e-02
4.710887500000000144e-02
9.545872500000000815e-02
7.532110000000000194e-02
6.276405999999999652e-02
7.232816000000000245e-02
4.575780500000001250e-02
8.781470499999999291e-02
1.068953599999999948e-01
1.100171599999999889e-01
2.544439999999999896e-02
1.045427699999999932e-01
8.727371000000000434e-02
6.094622499999999971e-02
1.288910849999999886e-01
1.145034500000000066e-01
9.091952990000000401e-02
9.701538989999999862e-02
2.704189000000000592e-02
1.010346574999999997e-01
3.954043250000000703e-02
4.986824500000000548e-02
4.210828000000001181e-02
7.738973750000001373e-02
5.750159099999999773e-02
4.468348649999999422e-02
5.306634300000000193e-02
2.635173849999999929e-02
4.817459949999999824e-02
1.837234000000000089e-02
4.398282999999999360e-02
4.783140499999999351e-02
4.410870499999999111e-02
5.376767999999999825e-02
6.566284500000001134e-02
9.531511999999998930e-02
4.457038999999999446e-02
5.772674000000000555e-02
5.153884999999999716e-02
3.450525000000000120e-02
5.373756999999999839e-02
6.163842999999999406e-02
5.180413000000000379e-02
4.639068999999999832e-02
4.194789000000000156e-02
5.563912000000000024e-02
3.690090999999999510e-02
4.392092999999999692e-02
4.633461999999999997e-02
6.509041999999999606e-02
9.145580000000000376e-02
5.426360500000000642e-02
7.836010000000004361e-03
3.354272500000000240e-02
3.550916999999999962e-02
2.405869999999999884e-02
2.101194000000000325e-02
2.193917000000000436e-02
5.485026800000000063e-02
7.310384799999999905e-02
1.756778999999999979e-02
6.424408700000000527e-02
4.681885700000000539e-02
2.840495999999999993e-02
3.247959200000000157e-02
5.215015800000000201e-02
8.786323000000001437e-02
4.386467000000000144e-02
1.112434250000000069e-01
6.440717499999998319e-02
7.029605000000001269e-02
5.483137000000000427e-02
8.010460999999999276e-02
8.515253000000000405e-02
3.601652999999999799e-02
2.452825000000000491e-02
4.416113999999999457e-02
4.538429000000000074e-02
2.388679000000000496e-02
2.705527999999999753e-02
5.364218999999999238e-02
5.068600000000000189e-02
2.057906000000000318e-02
7.140063400000000449e-02
9.105644899999998376e-02
4.734913500000000053e-02
4.658465999999999996e-02
7.086485000000000700e-02
3.247199000000000613e-02
5.134206999999998966e-02
8.096776999999999447e-02
7.002945999999998783e-02
4.367366000000000303e-02
3.453264000000000333e-02
6.975792999999999577e-02
4.764342000000000577e-02
4.336282999999999110e-02
6.911321000000002213e-02
4.893146000000000995e-02
2.446198600000000500e-02
4.894335400000000835e-02
2.208380000000000412e-02
7.423928500000000208e-02
1.703083149999999879e-01
1.390015799999999857e-01
9.591653999999999458e-02
5.277564499999999603e-02
8.150510999999999173e-02
4.544156500000001014e-02
4.291423499999999502e-02
8.506838500000001024e-02
7.083382500000000304e-02
3.793255000000000238e-02
5.755296499999999760e-02
7.017105749999999476e-02
7.510534149999999187e-02
3.062614799999999887e-02
6.458643200000001305e-02
4.486181999999999670e-02
6.534609900000000471e-02
6.671524900000000424e-02
4.456942000000001236e-02
6.053643000000000218e-02
6.380147000000001289e-02
5.873207000000000427e-02
7.966954000000001090e-02
7.816100000000000825e-02
5.758854000000000750e-02
8.236876999999999394e-02
7.142372000000000998e-02
8.708205000000000806e-02
1.194473899999999866e-01
8.020308000000000992e-02
3.868378000000000094e-02
2.125783999999999313e-02
7.214782000000001527e-02
8.356573999999998559e-02
3.920343000000001132e-02
2.015287999999999108e-02
4.415650999999999604e-02
4.438115999999999589e-02
7.970455999999999375e-02
6.233725000000000377e-02
5.682502000000000386e-02
7.809071999999998848e-02
5.233314999999999495e-02
3.028847999999999957e-02
7.456527000000000294e-02
1.044752500000000056e-01
9.600830000000000475e-02
3.133986000000000410e-02
8.758341999999999516e-02
8.035098499999998589e-02
5.917810500000000168e-02
7.075261999999998830e-02
5.398230000000000389e-02
6.894288000000001193e-02
2.176310999999999524e-02
5.766748999999999487e-02
5.500230999999999870e-02
4.202620000000000661e-02
5.771304999999999491e-02
3.637457000000000884e-02
4.582360999999999379e-02
5.538526999999999340e-02
2.314135000000000150e-02
5.856414000000000758e-02
4.260701000000000072e-02
7.990102999999999789e-02
3.612260000000001164e-02
6.429458999999998481e-02
