FramewiseDisplacement
1.850263500000000616e-01
3.061192999999999831e-01
3.113477499999999787e-01
1.690027500000000349e-01
3.126957499999999390e-01
2.716010500000000660e-01
3.578004900000000266e-01
2.106659399999999405e-01
2.394952999999999388e-01
3.341638499999999845e-01
3.525611000000000161e-01
2.678906999999999816e-01
1.443173999999999013e-01
1.743975500000000678e-01
1.945194500000000382e-01
3.158276000000000416e-01
2.437422000000000755e-01
1.854935500000000903e-01
3.304179999999998785e-01
1.271533999999999442e-01
8.831844999999999279e-02
2.049556499999999892e-01
3.817714000000000385e-01
3.800250500000000864e-01
2.191550000000000442e-01
2.001241999999999743e-01
1.286528499999999853e-01
6.593739999999997936e-02
3.600459000000000298e-01
1.860619000000000023e-01
4.971640900000000030e-01
1.632627099999999776e-01
1.916133999999999893e-01
1.245583499999999982e-01
3.219051899999999522e-01
1.408509350000000104e-01
2.073539249999999667e-01
1.779862999999999862e-01
1.930588000000000581e-01
3.418373999999999580e-01
1.371006649999999827e-01
2.572416249999999738e-01
1.279294100000000212e-01
2.094454699999999669e-01
2.428167300000000084e-01
3.405484999999999762e-01
2.662044400000000421e-01
2.541349900000000606e-01
1.331095499999999932e-01
1.659567000000000125e-01
1.233620300000000392e-01
1.572282799999999980e-01
1.430859000000000159e-01
2.397615500000000177e-01
1.347967500000000207e-01
2.901581649999999679e-01
1.500213050000000492e-01
1.353370700000000038e-01
1.313531799999999583e-01
1.019524500000000139e-01
1.195322000000000190e-01
1.331610999999999767e-01
2.581597000000000475e-01
2.767227000000000436e-01
1.531420000000000281e-01
1.580090859999999653e-01
7.859165000000001289e-02
1.817356859999999796e-01
2.730204500000000256e-01
1.462242500000000001e-01
1.959567000000000392e-01
2.523708000000000062e-01
3.187750299999999593e-01
2.117200800000000327e-01
1.357418000000000236e-01
2.293152200000000696e-01
1.433631700000000120e-01
2.798337499999999922e-01
2.693219000000000030e-01
1.111407499999999549e-01
1.637109500000000217e-01
2.511334549999999499e-01
1.045229949999999658e-01
2.758388999999999980e-01
2.876972950000000195e-01
1.694598135000000283e-01
2.533011184999999776e-01
1.819088450000000134e-01
1.628114950000000283e-01
9.220032500000001352e-02
1.058970750000000072e-01
1.160129499999999758e-01
4.790659499999998239e-02
1.197061700000000006e-01
1.209837350000000367e-01
1.182475050000000166e-01
9.974003500000000466e-02
1.551484750000000079e-01
1.335736900000000227e-01
2.099603499999999900e-01
1.982798649999999718e-01
1.039057449999999660e-01
1.263155699999999881e-01
1.791303150000000122e-01
2.409831469999999809e-01
1.742963120000000088e-01
1.146703350000000121e-01
2.036373000000000488e-01
1.198471199999999875e-01
1.054680700000000110e-01
2.019292800000000443e-01
2.316261800000000148e-01
1.083900899999999945e-01
9.235161000000001452e-02
3.371250500000000372e-01
1.358183200000000201e-01
1.947164099999999787e-01
1.366720799999999736e-01
1.044342649999999706e-01
1.004720999999999809e-01
2.052937549999999667e-01
1.170714699999999553e-01
9.904470500000001065e-02
1.514753800000000206e-01
9.744867499999998461e-02
2.815124949999999737e-01
2.486068650000000102e-01
1.587870599999999799e-01
2.265610100000000071e-01
1.796674299999999891e-01
1.659862249999999873e-01
1.268910750000000198e-01
6.172496499999998582e-02
5.622867000000000143e-02
6.307068500000000133e-02
1.504104349999999812e-01
1.498850250000000051e-01
8.373168950000001165e-02
8.032098550000001114e-02
1.740464449999999941e-01
6.171381970000001244e-02
6.990039970000000435e-02
1.530614830000000259e-01
2.340758130000000214e-01
2.339337284999999933e-01
1.833059435000000126e-01
7.803136200000000688e-02
1.141988469999999922e-01
1.301993009999999895e-01
1.199676110000000018e-01
1.225851250000000031e-01
8.541862999999999539e-02
1.291027100000000094e-01
1.636397849999999821e-01
1.809393050000000225e-01
5.943086499999999939e-02
1.699408500000000044e-01
1.978519700000000159e-01
1.358956150000000251e-01
1.063480150000000041e-01
8.750170999999999644e-02
1.183640549999999958e-01
7.359943500000000471e-02
1.475017150000000055e-01
1.615436610000000051e-01
9.332352400000000492e-02
1.066924300000000186e-01
7.881203999999999987e-02
7.114547999999998318e-02
1.250339099999999981e-01
1.502790300000000079e-01
8.535962000000001104e-02
8.746550000000001546e-02
1.256150580000000017e-01
1.078776319999999872e-01
9.116076999999998820e-02
7.107683000000000750e-02
2.118804400000000032e-01
2.309351499999999779e-01
1.459128699999999723e-01
1.203663849999999785e-01
1.553228849999999939e-01
4.526546399999999415e-01
3.968378199999999523e-01
3.034785000000000399e-01
1.893706000000000278e-01
2.571254999999999513e-01
2.857552000000000425e-01
2.014344500000000426e-01
1.439019500000000007e-01
3.308074999999999766e-01
3.081749587000000012e-01
1.343901586999999842e-01
1.569407999999999914e-01
8.687502500000002237e-02
7.736952500000002231e-02
1.044710050000000057e-01
5.032433499999998394e-02
2.193384399999999956e-01
1.873051500000000036e-01
1.256629999999999692e-01
1.409030099999999952e-01
1.479086100000000237e-01
6.944110000000000560e-02
8.405730000000000146e-02
1.444661000000000139e-01
1.335699000000000469e-01
2.207134899999999844e-01
1.501967099999999833e-01
1.725015999999999772e-01
2.508075999999999639e-01
1.709188500000000110e-01
1.105536000000000019e-01
5.464270000000002320e-02
1.069091000000000347e-01
6.790525000000000033e-02
1.113120000000000082e-01
2.099638699999999414e-01
2.523098699999999917e-01
1.977599200000000057e-01
1.921895199999999748e-01
1.283508049999999845e-01
9.539270499999999431e-02
9.016035500000002534e-02
1.820740550000000124e-01
1.624294050000000544e-01
2.162010799999999899e-01
1.136721024999999968e-01
7.895307749999999625e-02
7.956472749999998761e-02
1.232729274999999902e-01
1.157638499999999737e-01
6.841037749999999418e-02
1.488901274999999969e-01
1.469119200000000014e-01
1.404914924999999815e-01
1.085609774999999888e-01
1.077487244999999622e-01
2.000431745000000316e-01
1.769309800000000155e-01
1.107519799999999999e-01
8.804583999999998634e-02
1.237959100000000090e-01
2.243420000000000136e-01
2.572321050000000442e-01
1.301533599999999957e-01
9.447172500000000639e-02
5.045215999999999590e-02
2.414032000000000400e-01
2.492226350000000534e-01
1.256116450000000218e-01
4.697204600000000063e-01
1.682886499999999563e-01
1.618152499999999938e-01
1.176014999999999977e-01
1.097143999999999758e-01
1.087475499999999845e-01
1.109596000000000193e-01
1.643448150000000052e-01
3.137374050000000247e-01
2.641375400000000040e-01
2.491402500000000075e-01
1.750629200000000107e-01
1.603836799999999729e-01
1.408487749999999816e-01
6.177186999999997874e-02
9.347044499999998535e-02
9.519765000000005029e-02
1.560050250000000194e-01
1.907135150000000001e-01
9.241037500000001681e-02
1.039385785000000034e-01
9.819636350000000846e-02
2.024279500000000231e-01
2.778827999999999854e-01
2.856844499999999787e-01
8.408957499999998586e-02
8.607737000000005578e-02
1.030900200000000461e-01
1.370454500000000408e-01
3.342411249999999723e-01
3.159420649999999942e-01
1.419395649999999898e-01
1.295307499999999723e-01
1.336555499999999841e-01
1.176104000000000177e-01
1.651749449999999897e-01
1.496140099999999917e-01
1.021540650000000439e-01
