FramewiseDisplacement
6.853875000000002327e-02
2.106814999999999730e-02
3.221994999999997639e-02
2.293979999999997549e-02
5.434989999999999266e-02
2.953925000000002382e-02
4.385830000000003059e-02
5.743474999999997888e-02
3.633095000000000074e-02
8.935080000000000799e-02
8.427984999999998950e-02
6.198899999999996080e-02
6.081624999999998143e-02
9.704704999999999582e-02
7.643309999999998994e-02
4.313120000000000842e-02
4.799350000000000144e-02
3.556835000000001940e-02
6.684819999999999651e-02
1.190834000000000059e-01
4.299854999999999650e-02
7.205940000000000956e-02
4.431735000000001923e-02
8.331535000000001023e-02
6.804839999999999500e-02
9.647790000000000532e-02
3.290259999999999019e-02
7.877185000000000437e-02
1.279295500000000030e-01
1.579991499999999771e-01
3.832594999999999752e-02
9.996980000000001143e-02
4.562539999999998264e-02
4.531735000000001318e-02
1.071945000000000120e-01
1.103897300000000053e-01
1.199236300000000033e-01
6.547324999999999673e-02
4.455939999999999901e-02
7.342534599999998857e-02
1.808106460000000193e-01
1.853470500000000132e-01
3.834019999999999095e-02
1.724568999999999963e-01
1.121706999999999982e-01
1.112516299999999903e-01
5.792455000000000520e-02
2.386309799999999648e-01
1.838162000000000129e-01
4.016045000000000031e-02
9.371565000000001144e-02
3.509474000000000204e-01
8.432575000000000487e-02
5.904189999999999439e-02
8.014045000000000196e-02
2.567410000000000872e-02
9.736445999999999990e-02
6.356850999999999474e-02
1.256300350000000010e-01
1.757500349999999711e-01
1.173952899999999855e-01
5.115886000000000045e-02
7.657912499999999789e-02
6.032852500000000784e-02
1.084890000000000021e-01
1.503878500000000173e-01
4.925340000000000273e-02
1.759805000000000397e-02
1.494173199999999924e-01
8.271207000000001253e-02
1.078366100000000133e-01
9.391032999999998632e-02
2.256110050000000034e-01
4.745105999999999630e-02
9.806012499999999799e-02
2.626587000000000713e-02
8.367634000000001571e-02
3.570229999999999931e-02
3.509039466000000301e-02
4.908432634000001182e-02
9.937883900000001047e-02
3.779744000000000159e-02
7.761286100000000521e-02
6.678909900000000455e-02
1.053322800000000142e-01
9.028782499999998823e-02
8.240634000000000847e-02
7.770420499999999842e-02
4.079446000000000461e-02
2.302642350000000115e-01
1.859873350000000036e-01
1.461897500000000072e-01
4.174674999999999914e-02
8.158358050000000250e-02
4.908821049999999298e-02
1.169608800000000171e-01
1.117780090000000115e-01
6.721430000000000460e-02
2.045477999999999880e-02
1.661088000000000495e-02
3.817133999999999111e-02
1.993072499999999636e-02
3.456820500000000462e-02
1.903585999999999820e-02
3.774110999999999438e-02
1.969531999999999533e-02
5.344470500000000207e-02
2.101395499999999389e-02
2.160477499999999620e-02
9.609271499999999522e-02
8.824106000000001004e-02
8.742851999999999568e-02
4.726654500000000703e-02
2.430715499999999696e-02
6.764988799999999136e-02
5.067646299999999104e-02
6.052080299999999802e-02
2.332413299999999690e-02
2.968174499999999896e-02
6.790296000000001220e-02
5.588050999999999435e-02
7.907371499999998887e-02
7.689665500000000820e-02
2.274178999999999784e-02
4.415631600000000795e-02
8.136115900000000234e-02
2.118185890000000293e-02
4.704034290000000396e-02
5.007146099999999073e-02
2.571680000000000493e-02
4.385502499999999887e-02
1.023979850000000108e-01
1.158761900000000178e-01
1.165425100000000019e-01
2.323118999999999879e-02
4.907824499999999257e-02
4.493447000000000413e-02
7.391262380000000742e-02
1.617138620000000207e-02
1.021664700000000092e-01
9.472632500000001399e-02
1.551877799999999974e-01
1.637379150000000116e-01
5.663934800000000602e-02
4.138449500000000031e-02
3.151461900000000066e-02
7.246177800000000446e-02
1.811640150000000116e-01
5.984108500000000913e-02
7.673125190000000539e-02
1.221755431000000058e-01
3.575704999999999162e-02
6.789235999999998494e-02
5.470703999999999845e-02
1.525469699999999762e-01
2.162252699999999972e-01
3.698129000000000000e-02
3.538353999999999805e-02
8.260029999999998762e-02
3.050349999999999936e-02
3.048291000000000195e-02
6.051849999999999591e-02
5.079310999999998855e-02
6.228350000000000553e-02
4.501820999999999601e-02
3.774966999999999212e-02
8.362144999999998607e-02
4.831562999999999830e-02
3.587639000000000800e-02
8.643899000000000721e-02
8.769677000000000722e-02
7.691014000000000184e-02
1.580153900000000056e-01
6.968749000000000471e-02
5.599529000000000312e-02
6.661410000000000942e-02
2.292090999999999226e-02
5.938200999999999202e-02
5.502337999999999674e-02
6.218534999999999341e-02
2.418243000000000129e-02
7.653590000000000913e-03
4.551320000000000365e-02
5.009605999999999781e-02
7.297767000000000837e-02
9.225473000000000701e-02
3.260810000000000097e-02
2.865854999999999098e-02
3.738509999999999750e-02
9.048285000000000355e-02
4.060854999999999326e-02
9.013820000000000165e-02
5.184120000000000394e-02
6.192340000000001038e-02
6.324673000000000100e-02
3.826050050000000535e-01
1.414915062499999820e-01
2.871517875000000400e-02
5.183716999999999492e-02
6.548073000000001476e-02
2.758712999999999443e-02
3.330639999999999989e-02
1.046387599999999973e-01
3.389786000000000188e-02
2.945926000000000100e-02
4.177216999999999736e-02
5.018244499999999914e-02
3.165236999999999912e-02
4.333032499999998899e-02
4.195264500000001062e-02
7.471144500000000133e-02
6.613449000000000411e-02
6.822904999999999942e-02
7.609802399999998634e-02
4.835658900000000537e-02
3.685052500000000897e-02
4.793997500000000273e-02
6.540409499999999543e-02
3.302944499999999756e-02
6.289245000000000252e-02
7.148888499999998813e-02
6.459513000000000060e-02
3.569925499999999918e-02
4.302132500000000609e-02
6.490097000000000227e-02
1.472488699999999762e-01
9.092097500000000110e-02
3.670973900000000512e-02
4.916400599999999621e-02
8.095697999999998395e-02
9.591889499999999014e-02
7.235183500000000323e-02
4.087477499999999514e-02
1.310486750000000034e-01
1.969139500000000043e-01
9.386944999999999317e-02
7.947762500000002395e-02
5.527096000000000786e-02
6.827961499999998796e-02
6.316440000000000943e-02
7.941235000000000654e-02
4.826304999999999484e-02
8.101237500000001146e-02
9.716485499999999442e-02
7.005003000000001312e-02
6.931878000000001039e-02
1.172118299999999891e-01
1.172493500000000022e-01
8.659605000000000774e-02
4.594550000000000717e-02
7.526406000000002150e-02
6.488423000000000107e-02
4.274898000000000586e-02
6.215641000000000221e-02
8.588138000000000716e-02
1.126176300000000102e-01
7.769872500000002402e-02
4.692943499999998463e-02
1.139789499999999955e-01
7.892002999999998825e-02
8.900163000000001212e-02
7.068360000000001309e-02
4.350343000000000265e-02
4.281474000000000391e-02
8.268535000000000468e-02
1.457051099999999988e-01
1.613408249999999933e-01
5.848235000000000933e-02
1.329628500000000213e-01
1.562774750000000268e-01
9.432659999999998268e-02
4.170967499999999467e-02
1.089162000000000047e-01
8.319477499999999859e-02
5.285848999999998715e-02
3.487297899999999840e-01
9.246503999999999834e-02
2.171800099999999789e-01
1.950490500000000293e-01
5.979835000000000012e-02
4.710204999999999947e-02
2.905359999999999193e-02
9.575350000000000528e-02
7.377655000000002405e-02
1.829757999999999732e-02
1.160082999999999809e-01
1.437428199999999934e-01
1.029240979999999916e-01
3.606934043000000617e-02
