FramewiseDisplacement
1.079317399999999982e-01
7.575100000000001277e-02
5.657140000000000779e-02
5.814540000000001374e-02
5.597554999999999892e-02
8.247572999999999710e-02
1.330507800000000074e-01
1.013636499999999718e-01
1.265056999999999710e-01
1.091999500000000040e-01
6.590930999999999873e-02
7.833191000000001847e-02
8.095594999999999875e-02
4.807542000000004923e-02
7.195469999999999644e-02
6.014416000000000206e-02
5.294814000000001158e-02
9.408362000000003444e-02
9.737311999999997969e-02
8.044073000000000195e-02
3.173560999999998355e-02
8.809014999999997819e-02
8.531834000000000640e-02
4.561927999999998429e-02
7.797633000000002423e-02
8.241250000000002740e-02
9.005943999999997673e-02
1.074932900000000191e-01
8.453170000000002904e-02
4.291269999999999807e-02
4.949170000000002040e-02
5.905049999999999188e-02
7.316514999999998436e-02
5.052854999999999847e-02
6.280464999999997577e-02
5.149924999999998948e-02
2.593580000000001579e-02
9.393535000000000079e-02
1.331230499999999650e-01
1.312142499999999767e-01
1.356546000000000141e-01
1.224556000000000117e-01
6.352949999999998876e-02
8.429585000000000550e-02
9.288678999999999686e-02
1.204356400000000105e-01
1.294493300000000013e-01
7.651112999999998276e-02
1.465855999999999826e-01
1.647607999999999850e-01
1.522721000000000213e-01
1.006550100000000170e-01
4.923001000000000460e-02
3.794339999999998825e-02
1.478060999999999681e-01
1.945950499999999916e-01
6.166114999999999791e-02
2.014531499999999975e-01
1.662836000000000036e-01
9.212410000000000043e-02
1.750004000000000282e-01
1.861090000000000244e-01
1.610412700000000141e-01
5.304307000000001160e-02
1.196527000000000146e-01
1.264763500000000152e-01
7.935820000000000374e-02
7.823440000000000949e-02
3.952655000000000057e-02
4.013574999999999782e-02
9.634974999999998402e-02
1.994181499999999885e-01
2.041920999999999875e-01
1.069384499999999905e-01
6.197494999999998699e-02
1.747155499999999695e-01
1.175089300000000114e-01
9.100016999999999134e-02
2.150978999999999530e-01
1.893369899999999550e-01
7.707276000000000404e-02
8.405005000000001503e-02
1.397105999999999904e-01
1.854443900000000145e-01
9.711729999999998975e-02
2.056883299999999748e-01
2.722777000000000114e-01
7.508515000000000328e-02
9.002917000000001946e-02
2.142425799999999880e-01
2.410112300000000207e-01
7.273003000000000107e-02
6.191689999999999694e-02
2.237602999999999953e-01
2.102868399999999749e-01
9.381143999999999594e-02
1.070349400000000090e-01
1.350009100000000017e-01
1.607004899999999736e-01
2.643790599999999991e-01
2.709224699999999708e-01
7.571811000000000513e-02
1.121382600000000035e-01
7.616159000000000123e-02
1.082574500000000051e-01
2.562825399999999476e-01
1.699765300000000423e-01
5.222585999999999201e-02
6.112036999999999332e-02
2.421457000000000123e-02
7.886130999999999003e-02
4.344090000000000451e-02
1.367310200000000087e-01
1.308685899999999791e-01
6.564041000000001014e-02
2.112348000000000003e-01
1.572274999999999923e-01
1.758807999999999760e-01
1.108827499999999883e-01
1.475963999999999887e-01
1.985992750000000195e-01
1.366111250000000277e-01
1.111558500000000144e-01
1.998829499999999759e-01
5.820603000000000582e-02
2.966385999999999676e-02
1.467591000000000034e-02
5.693207999999999602e-02
7.919849000000001027e-02
1.352512600000000398e-01
8.442505999999999622e-02
8.314985000000001125e-02
1.509699799999999759e-01
6.545756800000000764e-02
1.054256720000000119e-01
1.137370099999999995e-01
1.341009199999999846e-01
1.160050759999999848e-01
1.009734359999999997e-01
9.080872999999999029e-02
6.023811999999999223e-02
8.375063330000000195e-02
3.755329020000000573e-02
1.584690235000000003e-01
1.750991895000000020e-01
7.628031300000000237e-02
5.570317849999999182e-02
1.434379150000000269e-01
2.758261499999999922e-01
1.760308799999999729e-01
9.830213500000001270e-02
1.323573149999999754e-01
4.519030000000000269e-02
1.611574000000000340e-01
1.857863000000000153e-01
1.038449949999999955e-01
1.382177750000000149e-01
1.351981294999999861e-01
1.220166694999999801e-01
4.158720999999999252e-02
1.611252400000000029e-01
2.097137499999999766e-01
9.924414999999998932e-02
8.152539000000000313e-02
9.836541000000000035e-02
4.302976999999999497e-02
1.148890000000000050e-01
6.271275000000001154e-02
2.433046500000000112e-01
1.134499999999999953e-01
1.068764599999999926e-01
1.546476100000000187e-01
1.725985299999999723e-01
1.169443800000000006e-01
4.372684999999999766e-02
5.291675000000000545e-02
1.018339999999999940e-01
1.044803500000000135e-01
9.338000000000000467e-02
5.349004999999999732e-02
8.484374999999999556e-02
1.777802650000000206e-01
2.286963949999999968e-01
1.672172111000000128e-01
7.698934889999999032e-02
5.599159000000000774e-02
9.263973000000000346e-02
7.592319000000000151e-02
7.274793999999999705e-02
1.188791800000000010e-01
1.314009899999999953e-01
1.131337399999999965e-01
1.243479900000000055e-01
1.332098100000000118e-01
4.798782000000000048e-02
9.236294000000000448e-02
7.798368999999998052e-02
1.010273200000000038e-01
7.239036999999999555e-02
6.593080000000001162e-02
1.119618000000000002e-01
1.061499999999999944e-01
1.220930900000000013e-01
1.298992900000000006e-01
1.455204999999999971e-01
8.904360000000001441e-02
1.493404000000000120e-01
2.382787999999999851e-01
1.455375399999999930e-01
8.986854000000001064e-02
9.681444999999998247e-02
5.697319999999998774e-02
1.536877900000000186e-01
2.313703399999999799e-01
1.806098700000000057e-01
1.478393799999999647e-01
1.526363099999999973e-01
1.686997179999999708e-01
1.383921180000000084e-01
1.160887600000000131e-01
8.462556000000001633e-02
7.179750000000000021e-02
2.067320000000000962e-02
3.723669999999999758e-02
9.929997000000000129e-02
6.195873000000000352e-02
3.464259999999999562e-02
9.339120000000000754e-02
9.791179999999997940e-02
5.963619999999999338e-02
1.047324000000000033e-01
4.416859999999998843e-02
9.370749999999998525e-02
8.278449999999999698e-02
5.693175000000000319e-02
8.238754999999998996e-02
1.096050999999999692e-01
5.855794999999999750e-02
9.024779999999998914e-02
1.126391499999999796e-01
4.383924999999999628e-02
3.432975000000001997e-02
6.426990000000000480e-02
5.026659999999998768e-02
3.699070000000000830e-02
6.342345000000002009e-02
5.553014999999999340e-02
4.639449999999999130e-02
5.894454499999998015e-02
3.954914500000000083e-02
6.581234999999997781e-02
9.713865000000002081e-02
5.607795000000000141e-02
6.149584999999996304e-02
1.390969999999999984e-01
7.925270000000002313e-02
4.093405000000000654e-02
8.836260000000001336e-02
1.413304500000000241e-01
1.248296500000000003e-01
1.135300499999999796e-01
5.771880000000001454e-02
4.235225000000000101e-02
1.036420500000000133e-01
9.731999999999998985e-02
6.165870000000001072e-02
9.107950000000003543e-02
3.129689999999998168e-02
8.985499999999999043e-02
8.244999999999998164e-02
1.696200000000001873e-02
1.041037999999999686e-01
1.328229000000000215e-01
1.405183500000000141e-01
1.583273499999999778e-01
4.029719999999998442e-02
7.029580000000001938e-02
7.671079999999999566e-02
6.284500000000001196e-02
7.964480000000000171e-02
1.377873999999999766e-01
6.543479999999998742e-02
5.383699999999997515e-02
1.967187999999999992e-01
1.468524999999999692e-01
1.380994199999999728e-01
8.337442000000000464e-02
5.258520000000001249e-02
3.234939999999998650e-02
