FramewiseDisplacement
6.730680000000005547e-02
8.686315000000004172e-02
7.584485000000000532e-02
9.231134999999997259e-02
1.834249999999996300e-02
4.278334999999999777e-02
7.765700000000004544e-02
1.197513499999999648e-01
8.131104999999999583e-02
6.170375000000007104e-02
4.796190000000000869e-02
8.050255000000000605e-02
8.105325000000000724e-02
6.890069999999995365e-02
8.257910000000000250e-02
7.000345000000003648e-02
5.686659999999998938e-02
2.199690000000004142e-02
4.845140000000000557e-02
3.462429999999999675e-02
3.461070000000002200e-02
2.579875000000002305e-02
4.342574349999996086e-02
1.199030349999999009e-02
2.494993500000003417e-02
3.571054499999998244e-02
7.064928499999997835e-02
2.226636500000000324e-02
4.182410999999999768e-02
5.435208999999998486e-02
4.856869999999995774e-02
3.705554999999996491e-02
5.628531000000000506e-02
6.870621000000003142e-02
2.995870000000003947e-02
6.430679999999995566e-02
9.935044999999989579e-02
2.024686500000000278e-01
8.421444999999999625e-02
1.271237999999999813e-01
7.358370000000000188e-02
1.838720000000002019e-02
9.714914999999996192e-02
8.656224999999997949e-02
8.234885000000002897e-02
7.790900000000001990e-02
4.003089999999999427e-02
2.295550000000003490e-02
3.291709999999997693e-02
7.006724999999999759e-02
4.451479999999997939e-02
6.129959999999998188e-02
8.200059999999993743e-02
6.937039999999999873e-02
4.328445000000004372e-02
4.972930000000001793e-02
3.706714999999992377e-02
6.113855000000006923e-02
5.711774999999999491e-02
3.055149999999999533e-02
2.583520000000002342e-02
4.360639999999996186e-02
8.310015000000001151e-02
3.045164999999995514e-02
7.670744999999999647e-02
5.739554999999994106e-02
1.049996499999999722e-01
2.718994599999999817e-01
1.056690399999999919e-01
2.499390999999999696e-01
2.690449999999998745e-02
9.776949999999998142e-02
6.623854999999997939e-02
1.617453999999999836e-01
1.145605999999999708e-01
6.368885000000000518e-02
5.638589999999998881e-02
1.292094500000000035e-01
5.795719999999997263e-02
1.152981499999999881e-01
4.127234999999998544e-02
3.048035000000003103e-02
4.779849999999999377e-02
1.582733470000000087e-01
2.073714970000000157e-01
1.254976150000000068e-01
1.229334399999999911e-01
1.159135949999999804e-01
4.423545000000001642e-02
6.652849500000000693e-02
1.204203250000000086e-01
8.643615000000004489e-02
6.411316999999999711e-02
6.676360000000002015e-02
2.513119999999999798e-01
1.827120599999999817e-01
1.318470099999999590e-01
2.173938000000000259e-01
1.527412999999999965e-01
9.759479999999999544e-02
1.834176060299999578e-01
9.582927602999996575e-02
6.276587000000004302e-02
5.003455000000005259e-02
5.012282999999997241e-02
1.313904700000000092e-01
9.687010000000001453e-02
1.535800500000000235e-01
7.664479999999999904e-02
7.708775000000003819e-02
6.671275000000000122e-02
9.485504999999998244e-02
5.749825000000001463e-02
5.680514999999999870e-02
1.064872399999999969e-01
8.704852000000001810e-02
7.153827000000000103e-02
7.590665000000000606e-02
5.616569999999997814e-02
7.585939999999999350e-02
1.047348999999999919e-01
6.394940000000000346e-02
1.045760050000000135e-01
1.895026949999999988e-01
1.373878200000000216e-01
1.446480300000000108e-01
1.764926199999999890e-01
6.161903499999998868e-02
7.533475000000000588e-02
7.265378000000000114e-02
1.110987350000000179e-01
8.359610000000000651e-02
1.382785500000000001e-01
9.589371500000000437e-02
6.702875500000000930e-02
6.134982499999999672e-02
3.756984999999998798e-02
1.493852649999999893e-01
7.845644999999999702e-02
4.813883000000000745e-02
7.647001200000000387e-02
1.517098380000000135e-01
2.151928800000000030e-01
1.376207500000000139e-01
9.011670000000000791e-02
5.508064500000000446e-02
6.202701999999999521e-02
9.507734200000000913e-02
3.295366199999999468e-02
8.145959999999997925e-02
5.321164000000001143e-02
1.044879350000000040e-01
8.389636500000000052e-02
7.907147999999999954e-02
8.794945999999999320e-02
8.365365999999999080e-02
2.426048999999999914e-02
8.928045999999999205e-02
4.899495499999999282e-02
1.195409049999999890e-01
1.205439650000000029e-01
2.086380800000000035e-01
1.148500300000000057e-01
6.478204999999999381e-02
3.549560000000002297e-02
2.851566799999999957e-01
1.126921744999999919e-01
1.706088654999999565e-01
1.018568499999999849e-01
1.242179780000000067e-01
1.177392779999999750e-01
6.503035000000002841e-02
4.863385000000002012e-02
7.742253499999998678e-02
8.679893500000007700e-02
6.672013499999995823e-02
7.341400000000006254e-02
1.213230000000000142e-01
6.076659999999999007e-02
1.547780349999999527e-01
2.952680000000001623e-02
7.386775000000002367e-02
1.873783200000000426e-01
1.102095499999999895e-01
8.414304000000003003e-02
7.607838000000001488e-02
8.362880000000000313e-02
5.626269999999999882e-02
5.348364999999997982e-02
1.060616500000000212e-01
6.234375499999995907e-02
1.451263050000000110e-01
6.731595999999989699e-02
8.844133999999997942e-02
8.146634999999996518e-02
8.777154999999998986e-02
6.613244999999998153e-02
6.712556999999995389e-02
7.392045599999995387e-02
1.111892360000000107e-01
9.231750999999990825e-02
9.203604999999995262e-02
1.100094500000000225e-01
1.033859499999999904e-01
6.566314999999990631e-02
1.017073500000000297e-01
1.023501499999999870e-01
1.363036399999999482e-01
9.956510000000001748e-02
1.790100400000000924e-01
9.750544999999995188e-02
5.305745000000006151e-02
1.343601000000000378e-01
5.995049999999988583e-02
4.440609999999992064e-02
4.364609999999992385e-02
6.118915999999995775e-02
7.984961999999998228e-02
5.660778000000007276e-02
5.635149000000005959e-02
1.288524700000000522e-01
8.882109999999987515e-02
1.713103000000000264e-01
1.124994999999999468e-01
9.798149999999994364e-02
7.362344999999995143e-02
2.067285500000000942e-01
3.588324999999992215e-02
1.063183000000000045e-01
7.351635000000003584e-02
8.487859999999994298e-02
6.660404999999994247e-02
7.740785000000005578e-02
4.649470000000001380e-02
5.899649999999999339e-02
1.061966000000000576e-01
8.386400000000003574e-02
5.612479999999997471e-02
6.654199999999992066e-02
4.092140000000008687e-02
1.338145500000001431e-01
1.363113500000000256e-01
3.096305000000000307e-01
1.628872999999999294e-01
8.556560000000010269e-02
9.122994999999992083e-02
6.081914999999992605e-02
1.298930000000000362e-01
5.491029999999992584e-02
6.948740000000006023e-02
9.242879999999996377e-02
2.530565000000001979e-02
7.699454999999996718e-02
1.252036010000000532e-01
1.091350009999999399e-01
1.100272000000000194e-01
3.684719999999996193e-02
1.152323249999999688e-01
4.442654500000002560e-02
8.128442500000002124e-02
6.137124499999991462e-02
9.552484500000006651e-02
8.117824499999999610e-02
5.539324999999999111e-02
7.169865000000004429e-02
3.968040000000001150e-02
9.622490000000002985e-02
2.770090000000000052e-02
7.204260500000003731e-02
8.070470499999997382e-02
8.442370000000003205e-02
5.663369999999996046e-02
6.126559999999996176e-02
3.038940500000000475e-02
6.055980499999997352e-02
5.161854999999999222e-02
6.898798500000001555e-02
6.973068499999997283e-02
4.873441999999996582e-02
3.289839999999998738e-02
4.095219999999995253e-02
2.901050000000001544e-02
8.186544999999997851e-02
2.858414999999997486e-02
6.112954999999999084e-02
5.816510000000001124e-02
4.672055000000001346e-02
4.963440000000001601e-02
6.699305000000005395e-02
