FramewiseDisplacement
8.106050000000002143e-02
1.085720999999999908e-01
1.084518859999999696e-01
9.173608599999999447e-02
9.087190000000001933e-02
1.203464000000000061e-01
4.816305000000001280e-02
4.945534999999999515e-02
6.031515000000003263e-02
4.826565000000000716e-02
8.896907999999997818e-02
6.874483000000000676e-02
2.028605000000000338e-02
3.454665000000000513e-02
5.462045000000000788e-02
3.623459999999999182e-02
2.382729999999997836e-02
5.439560000000001616e-02
7.894809999999999328e-02
4.970020000000000687e-02
2.702095000000001579e-02
4.649565000000002724e-02
1.024238699999999863e-01
1.012537199999999776e-01
1.734080000000002078e-02
1.245873499999999995e-01
6.594714999999999605e-02
1.014180999999999971e-01
8.309692999999998553e-02
6.823111999999999233e-02
8.155040000000000899e-02
1.269275000000001305e-02
4.867263999999999619e-02
5.463736999999997679e-02
6.634916999999997123e-02
5.939240000000000491e-02
8.646378999999999870e-02
3.350216999999999778e-02
4.965196999999996197e-02
3.829024999999997014e-02
1.645459999999999978e-02
4.641053999999997931e-02
2.294182999999999639e-02
6.111705999999998695e-02
3.950908999999997590e-02
4.122255999999999143e-02
1.074321000000000026e-01
4.519045750000000999e-02
3.360964250000000875e-02
4.263084999999999791e-02
9.044449999999999712e-02
3.485619999999999691e-02
7.797309999999998964e-02
6.226024999999998921e-02
7.403364999999999252e-02
1.285325000000000530e-02
2.737284999999999024e-02
7.945984999999999854e-02
8.388774999999999704e-02
3.335615000000001495e-02
9.943583000000000283e-02
9.350120000000000653e-02
1.126850800000000069e-01
7.980851000000001305e-02
6.490197000000001715e-02
1.130703600000000225e-01
1.570609999999999784e-01
1.128432799999999903e-01
7.390908499999999937e-02
1.290211850000000104e-01
1.832412099999999877e-01
1.103341269999999763e-01
2.290856600000000520e-02
1.059254279999999881e-01
8.988044500000000325e-02
8.483311500000000061e-02
3.669044500000001596e-02
5.768662000000000789e-02
5.762108000000001895e-02
6.051263000000001169e-02
2.483047000000000379e-02
9.207239500000001520e-02
7.066842499999999305e-02
8.837324500000000305e-02
1.219240150000000106e-01
6.965591000000000144e-02
6.445689000000001667e-02
4.230117000000000599e-02
6.594302999999999970e-02
4.754536999999999652e-02
7.187736999999999599e-02
3.393393500000000534e-02
3.757548500000000569e-02
5.136952999999999658e-02
8.218618800000000724e-02
4.959234200000000453e-02
6.596798500000000676e-02
4.819160699999999742e-02
4.451332200000000100e-02
6.592230499999998661e-02
7.915996299999999986e-02
9.388124299999998923e-02
5.263826500000000352e-02
1.339880400000000027e-01
1.058756849999999972e-01
7.102058499999999719e-02
8.035313999999998957e-02
4.339745000000000408e-02
3.756983499999999587e-02
6.049946500000000227e-02
3.810515999999999209e-02
4.700215224999999830e-02
4.765295775000000233e-02
3.295707499999999540e-02
6.988302499999998751e-02
6.116366000000000164e-02
6.086678000000000921e-02
7.862312000000001855e-02
5.982195149999999795e-02
1.340095464999999930e-01
1.239366250000000086e-01
9.946791500000000397e-02
1.956501750000000095e-01
1.874327000000000076e-01
4.633143999999999457e-02
9.249725500000000045e-02
1.108893200000000273e-01
2.252804300000000315e-01
1.596668150000000175e-01
3.348784499999999525e-02
8.185110999999999082e-02
1.002852600000000011e-01
7.782325000000001047e-02
5.845844400000001218e-02
9.413513500000000866e-02
6.944348100000000135e-02
9.518686500000000938e-02
1.293481149999999857e-01
1.045952600000000232e-01
6.280363600000000990e-02
4.533233199999999602e-02
7.362990399999999602e-02
7.461701500000000875e-02
2.766122550000000430e-02
6.351106529999998862e-02
3.495667210000000247e-02
9.241830139999999971e-02
9.512609869999999468e-02
3.074150539999999376e-02
3.804562510000000092e-02
4.148736389999999746e-02
2.542265939999999516e-02
5.718704650000000500e-02
1.093765795000000013e-01
5.107089650000000425e-02
4.115082379999999984e-02
8.467175130000000050e-02
7.616149860000000216e-02
1.090297149999999993e-01
1.590825585999999792e-01
1.876192685999999998e-01
1.933782236000000376e-01
1.588051686000000184e-01
1.427900699999999912e-01
1.218587878000000069e-01
1.234202322000000074e-01
2.696846000000001353e-02
1.187685574000000022e-01
6.264875100000001640e-02
9.168319059999999188e-02
7.243292769999999658e-02
1.466175560000000308e-02
8.009590869999999585e-02
4.941095160000000264e-02
2.925417329999999844e-02
6.923608170000000728e-02
8.853378000000000636e-02
4.920069900000000052e-02
7.298271200000000514e-02
8.679482600000000547e-02
1.631564399999999720e-02
1.033544620000000080e-01
7.285247400000000040e-02
2.768758900000000550e-02
8.098377200000000942e-02
2.995787199999999650e-02
5.404443900000000661e-02
5.289894100000000488e-02
4.598470999999999809e-02
1.162911239999999818e-01
1.256996999999999698e-01
1.063954059999999840e-01
7.330210099999999451e-02
1.254779410000000095e-01
2.465476679999999698e-01
1.315997359999999949e-01
6.862898600000000293e-02
1.324375320000000245e-01
2.381144109999999980e-01
1.918647150000000190e-01
1.152275829999999945e-01
6.733705600000000624e-02
5.588751000000000135e-02
3.113851499999999856e-02
3.875324499999999173e-02
5.466414000000000689e-02
4.922514500000000487e-02
3.191506000000000204e-02
7.765959500000001181e-02
8.158487000000000378e-02
5.769741499999999496e-02
2.270665999999999310e-02
2.389757500000000076e-02
4.893065500000001039e-02
5.495510500000001103e-02
7.242714000000000096e-02
8.847694999999999865e-02
6.621674000000001004e-02
7.566522999999999999e-02
4.000298000000000048e-02
1.781420000000000226e-02
2.901004999999999903e-02
3.296030499999999530e-02
5.761200999999999128e-02
9.374212999999999296e-02
5.510412000000000643e-02
8.446900499999999978e-02
9.865759000000000334e-02
4.795576500000001130e-02
7.264369000000001075e-02
1.225794700000000098e-01
4.966506999999999866e-02
5.022735000000000394e-02
4.313846000000001735e-02
8.838104699999999037e-02
7.202677700000001404e-02
5.191895000000000537e-02
1.047849680000000061e-01
5.902672800000000747e-02
9.830901999999999696e-02
8.280600000000000460e-02
4.357501999999999903e-02
7.072682000000000968e-02
8.571462000000003301e-02
6.472262000000000848e-02
7.125962000000000962e-02
5.674037999999999998e-02
9.453085199999998467e-02
1.829080319999999982e-01
2.748339699999999830e-01
2.471202500000000135e-01
1.062280999999999920e-01
1.065981400000000079e-01
7.105149000000000881e-02
9.963930000000004172e-02
1.260029099999999957e-01
2.770963100000000123e-01
1.831777500000000003e-01
5.665230000000000959e-02
9.452379999999999116e-02
1.272128399999999937e-01
5.631904000000001465e-02
1.147666999999999854e-01
1.506517200000000445e-01
1.128815700000000005e-01
1.051272000000000040e-01
1.504377500000000367e-01
9.346509999999999541e-02
3.005679999999998422e-02
3.550739999999999452e-02
8.285949999999998872e-02
3.009259999999999713e-02
6.899179999999997814e-02
9.404354999999996190e-02
6.118289999999997064e-02
6.729566999999996024e-02
1.399152700000000360e-01
1.261758000000000046e-01
8.348169999999999202e-02
8.504199999999999260e-02
8.399444999999999828e-02
1.176064999999999888e-01
7.396114999999997552e-02
1.148769999999999791e-01
9.532809999999997119e-02
3.779770000000002433e-02
1.061807000000000167e-01
7.713740000000005037e-02
6.583065000000003220e-02
