FramewiseDisplacement
4.068793699999994490e-02
8.187490300000001275e-02
1.115482999999999891e-01
5.774177660000005818e-02
1.092910733999999939e-01
8.211034999999999862e-02
6.703504999999998493e-02
1.302155999999999869e-01
8.893564999999999110e-02
7.722479999999998235e-02
6.333205000000000084e-02
9.576528000000003593e-02
8.477593000000001322e-02
1.044684499999999627e-01
6.370995000000000130e-02
1.497049500000000033e-01
5.626215000000001770e-02
5.717779999999999391e-02
6.227639999999997483e-02
1.319738150000000221e-01
4.425303499999996837e-02
6.065545000000001352e-02
8.152135000000002019e-02
7.721694999999999254e-02
8.334684000000000537e-02
8.240101350000000879e-02
6.428087849999999936e-02
8.511754999999998628e-02
8.828225499999997616e-02
6.967515000000001901e-02
5.961150000000001170e-02
7.576990000000002889e-02
8.458370000000002553e-02
2.614665000000000739e-02
8.194179499999999783e-02
9.566719499999999654e-02
8.586774999999997882e-02
4.077475000000000543e-02
8.513395000000001378e-02
6.738475000000000714e-02
3.297790000000000443e-02
9.231799999999999728e-02
8.596460000000000212e-02
6.263900000000000023e-02
5.339060499999999376e-02
1.216281049999999864e-01
8.232789999999999553e-02
3.493069999999999509e-02
3.565330000000001970e-02
8.682395000000002472e-02
1.177401399999999654e-01
5.228568999999996803e-02
5.449024999999998314e-02
9.508529999999999760e-02
1.084505100000000000e-01
8.234809400000001056e-02
8.685359600000000513e-02
8.741234999999999977e-02
5.195231999999998934e-02
7.879032599999999387e-02
7.639276600000001471e-02
4.633615000000000650e-02
3.100824999999999068e-02
4.244589999999998781e-02
6.690920999999999674e-02
9.325989499999996768e-02
6.653926500000000022e-02
8.905877999999999017e-02
6.571574999999997557e-02
6.454395000000001659e-02
6.162840000000000679e-02
7.454469499999999416e-02
1.229707449999999785e-01
9.391114999999998492e-02
1.048146649999999874e-01
1.101793650000000013e-01
6.879720000000000280e-02
5.841450000000000115e-02
2.454841999999999858e-01
2.090620499999999715e-01
7.688686000000001519e-02
6.886939000000000255e-02
1.017364600000000147e-01
5.131481000000001624e-02
1.058424000000000031e-01
1.490012864999999964e-01
1.300053864999999864e-01
7.839105000000000378e-02
6.473424999999999319e-02
1.235829449999999996e-01
1.078508849999999797e-01
9.136323999999998446e-02
9.309153000000000566e-02
7.174349999999998784e-02
1.238537950000000165e-01
1.411292849999999932e-01
8.429182000000000341e-02
5.491493999999998155e-02
6.678829999999999489e-02
8.055338500000000512e-02
9.869218500000000172e-02
7.049234499999998405e-02
6.057194499999998816e-02
6.982793500000000764e-02
9.374088499999998214e-02
7.969039999999998070e-02
1.658107499999999790e-01
1.288426500000000030e-01
6.164123500000001643e-02
8.546995499999998636e-02
4.835437000000000068e-02
6.792534999999999545e-02
8.031299999999999550e-02
6.322308999999999568e-02
7.588669000000000664e-02
4.368474999999999442e-02
4.638125000000001275e-02
8.717545000000001543e-02
5.052730000000000415e-02
8.821529999999998262e-02
1.799982200000000143e-01
1.103513700000000181e-01
1.061696000000000029e-01
1.047575189999999934e-01
4.570036899999999763e-02
6.585610000000000075e-02
8.350129699999998822e-02
6.353393699999999866e-02
5.625944000000000084e-02
9.542532000000000791e-02
1.433362950000000025e-01
6.154292499999999139e-02
7.452264000000000110e-02
3.226369999999999932e-02
7.363993600000000306e-02
9.526540600000001080e-02
2.627839999999999343e-02
1.080858600000000058e-01
4.435539999999999622e-02
8.321565999999999685e-02
1.076848600000000072e-01
6.751677999999999846e-02
4.905797300000000472e-02
8.993964699999999757e-02
7.679318000000000255e-02
5.471796999999999772e-02
4.410553000000000390e-02
6.920248499999999414e-02
7.887708000000000219e-02
7.926576500000000192e-02
4.352149000000000295e-02
7.270935000000000592e-02
6.340544500000000472e-02
6.075383000000000866e-02
8.003556000000000559e-02
8.002455999999999459e-02
8.529623499999999803e-02
3.744774000000000019e-02
1.115533834000000113e-01
5.900916839999999219e-02
7.237281499999999312e-02
7.500587000000000226e-02
6.305126499999999523e-02
8.369199500000000513e-02
7.571619999999998352e-02
6.962252999999998804e-02
6.703931500000001598e-02
5.665162500000000406e-02
4.099140999999999896e-02
6.713355000000000017e-02
6.972670000000000257e-02
2.497425999999998772e-02
4.370841000000001003e-02
3.994524000000001379e-02
6.434313499999999575e-02
8.659506499999998497e-02
5.129464999999999719e-02
8.408848499999999060e-02
4.911932499999999840e-02
5.758764999999999024e-02
7.056680000000001285e-02
1.397743699999999811e-01
8.841053000000001494e-02
5.160815500000001665e-02
8.643419499999999145e-02
9.777630499999998004e-02
7.115440500000000390e-02
7.881749999999999867e-02
7.803119000000000027e-02
1.120513100000000012e-01
1.145520499999999886e-01
1.009725500000000220e-01
8.987515000000001475e-02
2.461189000000000571e-01
5.233757500000000285e-01
2.835741609999999913e-01
1.380402110000000238e-01
2.081929599999999825e-01
1.093271100000000051e-01
8.364449999999998275e-02
8.962180000000001534e-02
1.029773000000000077e-01
7.944359000000000837e-02
7.446063999999999461e-02
8.078955000000000164e-02
6.817181999999999409e-02
8.302642000000003131e-02
9.743355000000002153e-02
3.252404999999999879e-02
1.283010000000001441e-02
6.426910000000000955e-02
1.151702999999999616e-01
6.907079999999996001e-02
9.558869999999999867e-02
8.630859999999998533e-02
3.449099999999995919e-02
2.999830000000001246e-02
4.317710000000005849e-02
4.957279999999999326e-02
5.549289999999992840e-02
1.194449999999999817e-01
5.716450000000003473e-02
7.257960000000003575e-02
3.583510000000000861e-02
5.732674999999995413e-02
6.241650000000001364e-02
4.639099999999998780e-02
1.231090499999999560e-01
8.255799999999999250e-02
4.944639999999998758e-02
6.187079999999998275e-02
7.886700000000002042e-02
6.324670000000003067e-02
5.846280000000005084e-02
5.185890000000002720e-02
5.290220000000001727e-02
6.773659999999998016e-02
6.102300000000001473e-02
1.164848000000000272e-01
1.861930000000003652e-02
5.197799999999996173e-02
9.193680000000001296e-02
1.176693000000000044e-01
2.970399999999998736e-02
7.230080000000001228e-02
1.034664999999999890e-01
6.961100000000006172e-02
8.942360000000004749e-02
1.305103000000000235e-01
9.764230000000001519e-02
8.228950000000000153e-02
6.907850000000007040e-02
9.533599999999994856e-02
6.482369999999997023e-02
1.039020999999999556e-01
1.962746999999999964e-01
9.001869999999995153e-02
6.872300000000006182e-02
8.986980000000002744e-02
7.508660000000001722e-02
8.012980000000001490e-02
5.785259999999999014e-02
6.797670000000005652e-02
1.244422000000000722e-01
9.859550000000003034e-02
4.283939999999995807e-02
7.818300000000003025e-02
3.028119999999994913e-02
7.320099999999996054e-02
1.152666000000000246e-01
9.986699999999998356e-02
8.063030000000001585e-02
6.851810000000005396e-02
9.923209999999997588e-02
1.044015000000000637e-01
5.569289999999994106e-02
1.254425999999999874e-01
2.164594000000000795e-01
2.517759000000000524e-01
2.042112999999999845e-01
1.547087999999999797e-01
9.208240000000003644e-02
1.229034999999999711e-01
1.345424000000000064e-01
6.371889999999999499e-02
1.059347999999999540e-01
1.130134999999999751e-01
8.969260000000003896e-02
1.060507000000000255e-01
