FramewiseDisplacement
2.388241000000000669e-01
1.094183000000000378e-01
6.477919999999998124e-02
1.039138999999999757e-01
4.451540000000005909e-02
8.711449999999991423e-02
1.355731999999999771e-01
1.234836999999999602e-01
8.701240000000001751e-02
6.154074999999999129e-02
1.840349500000000027e-01
6.364209999999992373e-02
8.400699999999987344e-02
1.124983999999998735e-01
5.452160000000001727e-02
4.957910000000001483e-02
5.910950000000002313e-02
3.473300000000005550e-03
8.205949999999995192e-02
6.429469999999995466e-02
5.663569999999990001e-02
6.527429999999992405e-02
1.166065999999999492e-01
6.534909999999995167e-02
8.154009999999994873e-02
7.202079999999999593e-02
1.091664000000000245e-01
9.737119999999990783e-02
5.142780000000004431e-02
8.323039999999998217e-02
1.207701999999999942e-01
1.342999999999999750e-01
5.670009999999998246e-02
1.303345000000000198e-01
5.566589999999997651e-02
1.326544000000000056e-01
7.217190000000003880e-02
5.269350000000001116e-02
3.961689999999996881e-02
1.448001999999999068e-01
7.421369999999996581e-02
4.478709999999999636e-02
8.876060000000000894e-02
6.608310000000003348e-02
8.068660000000005272e-02
1.912028000000000061e-01
1.437446999999999753e-01
3.893520000000009335e-02
1.186543000000000042e-01
8.078069999999996920e-02
9.917559999999993325e-02
3.416260000000006375e-02
1.291575000000000362e-01
3.529429999999995904e-02
3.280559999999994175e-02
6.202012999999999970e-02
5.588306000000001911e-02
6.579766999999997479e-02
6.542659999999994591e-02
7.903540000000000565e-02
4.767659999999994402e-02
5.430149999999995397e-02
1.274420199999999337e-01
4.773611999999999300e-02
7.385439999999995897e-02
6.733973999999996740e-02
9.088349000000009448e-02
3.011704999999996468e-02
1.188977000000001061e-01
1.028630999999999296e-01
6.944279999999997122e-02
5.704049999999998011e-02
4.057733999999994789e-02
2.907853999999998260e-02
1.242570000000000063e-01
9.012920999999997351e-02
6.145853000000002508e-02
5.096514999999998685e-02
3.407050999999997054e-02
1.544160590000000222e-01
7.646469100000001518e-02
5.969550999999999330e-02
5.519769000000001452e-02
1.451811000000000351e-01
1.171749499999999999e-01
1.072860499999999939e-01
8.308776999999999135e-02
3.447879799999997025e-02
1.546468679999999651e-01
9.253697999999999091e-02
3.379631999999999775e-02
7.558911000000000102e-02
8.062727999999996786e-02
5.905707000000000317e-02
7.160315000000000429e-02
4.976684999999999442e-02
6.963137999999999272e-02
1.144768299999999878e-01
2.822458500000000203e-01
7.743449400000002036e-02
5.874833600000001210e-02
1.559660419999999714e-01
1.219080000000000025e-01
8.384893000000001595e-02
1.122891800000000162e-01
6.575759999999999939e-02
4.421154000000002138e-02
9.041487500000003341e-02
1.051876850000000307e-01
1.042706949999999966e-01
9.153752499999999459e-02
6.131058500000000078e-02
4.577418500000000195e-02
5.443708500000000311e-02
5.255140499999999548e-02
1.157013399999999997e-01
7.085458000000000034e-02
2.885345999999999744e-02
5.308929999999999899e-02
8.012234399999999812e-02
7.124290599999999474e-02
6.665715999999999308e-02
5.101274700000000412e-02
1.717181200000000157e-02
6.441642499999998550e-02
7.292948999999998572e-02
3.520357000000000347e-02
1.022182784999999955e-01
9.237468150000002765e-02
1.512044000000000062e-02
5.508852000000000193e-02
1.274758049999999976e-01
1.927419000000000354e-02
8.717944499999999430e-02
8.988295999999998398e-02
5.956419999999999770e-02
1.052877549999999968e-01
9.575459000000000054e-02
4.829970499999999833e-02
1.209533299999999978e-02
6.075552899999999562e-02
7.018238799999999833e-02
1.181292369999999980e-01
8.194253099999999901e-02
7.080633000000001454e-02
5.465161400000000114e-02
3.140299500000000299e-02
3.334809999999999858e-02
2.179323999999999845e-02
5.287958499999999978e-02
1.383337100000000056e-02
1.287680640000000154e-01
1.208274099999999962e-01
5.293018000000000028e-02
9.704698999999999964e-02
1.813267000000000004e-02
6.384929999999999772e-02
7.379538050000000737e-02
5.473274550000000599e-02
3.676974000000001602e-02
3.321930500000000452e-02
6.384700499999999834e-02
5.688959999999998463e-02
6.079375000000000057e-02
5.835175000000000084e-02
6.539358000000000670e-02
3.672204000000001134e-02
1.380761699999999981e-01
1.891917099999999852e-01
8.069748999999999672e-02
1.477044499999999594e-01
8.443430999999998465e-02
8.111350999999999978e-02
8.704066099999999140e-02
3.037683899999999576e-02
8.848000000000000309e-02
4.755520000000000580e-02
5.843885000000000052e-02
3.482539999999997860e-02
3.218515000000000265e-02
6.753359999999998531e-02
1.251159400000000088e-01
7.291301000000000032e-02
6.060519999999999796e-02
5.758384999999999893e-02
7.406259999999999233e-02
5.226620000000001265e-02
4.399967000000000461e-02
6.932230000000000336e-02
1.489334500000000228e-01
9.696005000000001983e-02
9.434840999999999367e-02
8.189081000000000832e-02
9.747445000000000415e-02
5.217932699999999757e-02
5.899124299999999876e-02
4.793072000000001692e-02
4.675214700000000778e-02
9.188135299999999894e-02
6.177009999999999446e-02
9.119479999999999253e-02
1.390427000000000191e-01
6.479866999999998878e-02
5.682942999999999328e-02
7.702080000000001425e-02
1.334934000000000121e-01
5.878206800000000676e-02
2.776682199999998962e-02
8.730389999999996209e-02
3.903384999999999494e-02
8.545214000000000976e-02
1.209686999999999707e-01
1.211590999999999640e-01
1.214633000000000101e-01
8.864223999999998327e-02
5.478235999999998135e-02
7.776060000000002692e-02
7.556857000000000157e-02
3.769533000000000605e-02
2.945923999999999071e-02
9.033891000000000837e-02
9.264999000000001539e-02
3.507677999999997409e-02
1.699887000000000481e-01
1.512447799999999953e-01
1.507730200000000076e-01
1.425321999999999978e-01
4.796360000000000900e-02
1.127116999999999841e-01
1.616560999999999970e-01
8.180039999999999534e-02
1.359310000000000240e-01
5.806899999999999562e-02
7.575410500000000213e-02
7.531610499999999431e-02
9.284767000000002102e-02
5.131154000000002352e-02
6.519061000000002382e-02
6.212780000000000385e-02
1.442900700000000480e-01
1.428765700000000083e-01
8.747569999999998958e-02
3.437620000000002340e-02
2.019922000000000106e-01
6.745440000000001157e-02
6.589549999999999574e-02
2.166979999999997519e-02
6.856929999999999970e-02
8.046968999999999650e-02
1.257878899999999855e-01
1.049470999999999876e-01
6.038978999999999875e-02
9.081731899999999358e-02
1.261510590000000098e-01
6.144896000000000386e-02
1.311701399999999906e-01
1.022467878000000024e-01
2.941969780000000534e-02
1.220147499999999774e-01
2.143933600000000050e-01
9.713776999999999828e-02
1.022890500000000341e-01
1.162823200000000085e-01
1.098814800000000036e-01
4.435838999999998367e-02
9.355280999999998626e-02
6.687629999999999963e-02
6.808838999999998476e-02
8.328216000000000785e-02
5.585996999999998797e-02
3.605372999999999217e-02
6.192987999999999271e-02
1.118354699999999785e-01
1.386291000000000329e-01
6.297751000000001431e-02
4.992512000000000338e-02
1.187577100000000024e-01
5.791971000000001313e-02
2.463082200000000360e-02
9.277857200000000359e-02
9.476243000000003636e-02
7.306711999999999929e-02
6.136355999999999061e-02
1.076003199999999854e-01
9.011224000000001011e-02
5.393195999999999407e-02
2.130776100000000561e-01
6.275661000000003209e-02
1.223155999999999688e-01
