FramewiseDisplacement
2.073270499999999295e-01
4.882549999999990370e-02
4.228229999999995325e-02
6.447650000000004766e-02
2.394077799999999867e-01
1.710751300000000197e-01
7.944192500000005208e-02
8.270870500000003511e-02
9.592614000000000696e-02
6.999754499999998048e-02
8.601229499999997474e-02
7.312523999999995250e-02
7.492388000000001214e-02
8.434958999999994655e-02
1.265940499999999580e-01
8.113824000000000036e-02
7.330614000000001962e-02
7.993908999999999043e-02
1.090401600000000387e-01
1.075518999999999920e-01
1.683584499999999928e-01
1.133375999999999967e-01
7.923885000000002732e-02
7.998749999999998916e-02
5.730524999999999508e-02
5.519710999999997286e-02
8.914466000000001444e-02
8.348197999999996954e-02
1.068271099999999613e-01
3.706655000000003142e-02
7.969015000000001514e-02
1.093354599999999954e-01
2.883630999999997613e-02
9.135040000000001215e-02
5.099730000000001623e-02
7.040775999999999979e-02
8.384016000000001079e-02
4.805595000000000006e-02
3.492789999999998396e-02
2.889059999999998851e-02
8.084950000000000470e-02
8.723990000000000911e-02
8.008549999999997615e-02
5.753114999999999618e-02
9.630615000000000703e-02
2.532244999999996860e-02
7.463805000000002521e-02
2.761500000000002494e-02
8.833619999999998973e-02
8.637741000000000169e-02
9.866556000000001325e-02
8.289225599999999750e-02
4.879339100000001234e-02
7.904595500000000108e-02
1.241325200000000240e-01
6.744301999999997854e-02
4.688810999999999674e-02
5.594919000000000975e-02
9.900139499999999204e-02
7.811433500000000696e-02
4.359410299999999516e-02
5.644166299999998915e-02
7.434225000000002637e-02
2.816635000000000666e-02
6.563099999999998102e-02
8.952098000000000000e-02
6.889132999999998674e-02
8.048434999999999617e-02
6.267455000000000942e-02
3.038650000000002113e-02
4.299620000000000525e-02
9.248338000000000392e-02
4.617392999999998804e-02
5.251846999999999765e-02
1.201588700000000148e-01
5.575805499999999387e-02
4.145834500000000755e-02
1.012635099999999733e-01
7.668120999999999965e-02
8.037590000000000012e-02
8.396548500000000637e-02
6.727245500000000877e-02
1.114106199999999741e-01
7.434799999999999742e-02
5.794148000000000354e-02
7.321717999999999282e-02
4.881117000000000095e-02
8.026898999999998452e-02
5.956094149999999893e-02
1.006227835000000070e-01
1.024659051999999848e-01
4.281145019999999662e-02
9.514843000000001993e-02
7.739686499999999525e-02
8.667449500000000417e-02
8.199716999999999423e-02
6.510828000000000448e-02
3.073989999999999709e-02
9.023205499999999157e-02
4.931208999999999593e-02
3.419149999999999273e-02
1.302756500000000137e-02
8.598922999999999983e-02
7.024773000000000822e-02
3.987020199999998654e-02
6.645938199999999740e-02
2.761364999999999653e-02
4.414644999999998987e-02
3.579040000000001387e-02
3.292989999999998418e-02
7.850210000000000521e-02
4.894917649999999676e-02
3.970752000000000309e-02
4.313709649999999951e-02
5.262766000000000666e-02
8.860037999999999248e-02
6.791575499999998045e-02
6.857587499999999447e-02
4.732175500000000007e-02
6.046353499999999881e-02
8.838770999999999434e-02
9.163752000000000009e-02
8.989149000000000445e-02
6.176282999999999773e-02
4.851672299999999771e-02
9.391300299999999490e-02
7.205267999999999395e-02
5.893371499999999763e-02
1.048122050000000055e-01
5.437401000000000040e-02
5.428385199999999355e-02
8.279558700000001770e-02
5.317827999999999444e-02
1.072974249999999879e-01
1.345021050000000107e-01
1.040530680000000124e-01
6.712585199999999974e-02
1.567642650000000137e-01
1.019166800000000234e-01
7.508507500000000112e-02
4.978677500000000533e-02
5.769529999999999798e-02
5.660555999999999921e-02
8.399988999999999373e-02
5.437928999999999680e-02
7.316130999999999329e-02
7.296439000000000397e-02
2.564069299999999912e-02
7.187992699999999624e-02
1.206652699999999911e-01
6.774876500000000246e-02
1.205388400000000082e-01
1.157808200000000065e-01
1.214521350000000027e-01
1.477910549999999767e-01
9.841606500000001090e-02
1.463968449999999977e-01
1.000267049999999935e-01
3.349640500000001381e-02
9.318129500000001120e-02
6.434162100000001550e-02
1.074371460000000111e-01
1.364010799999999801e-01
7.202741599999999689e-02
8.115922250000000282e-02
7.565311150000000873e-02
3.383074500000000928e-02
4.930934500000000442e-02
7.053739500000000273e-02
8.148880500000002525e-02
4.586678000000000976e-02
5.561399999999998983e-02
1.954494999999999150e-02
8.720776985000000536e-02
1.104553298500000058e-01
3.256341000000000097e-02
6.507775999999999839e-02
3.503625999999998575e-02
3.745349999999999374e-02
1.069699219999999951e-01
5.730095799999999212e-02
5.262519600000000602e-02
3.385996400000000628e-02
4.121590499999999713e-02
4.280134720000000614e-02
4.498566819999999522e-02
3.587732050000000394e-02
6.690401750000000980e-02
7.371263400000001298e-02
6.281489999999999296e-02
4.892743500000000523e-02
7.749774499999999289e-02
3.236486049999999504e-02
6.770383050000000624e-02
8.249400999999997874e-02
3.281572999999998741e-02
4.465004999999997587e-02
4.550521799999999312e-02
7.280315200000000986e-02
6.056263500000000355e-02
3.001468500000000275e-02
3.690100000000001018e-02
3.150470000000000353e-02
5.138246999999999953e-02
6.221962499999999369e-02
1.010722550000000136e-01
6.984338999999999131e-02
1.294653400000000121e-01
5.115000999999998882e-02
6.370984999999999843e-02
1.125868250000000015e-01
1.384413649999999829e-01
8.607307999999999626e-02
5.076137000000000010e-02
5.985456999999999583e-02
7.159669999999999923e-02
9.408696999999999200e-02
5.339729000000000003e-02
4.841153000000000817e-02
7.856525000000000314e-02
2.874314999999999856e-02
3.517250000000000237e-02
5.516245000000000176e-02
5.635441000000000061e-02
1.505557900000000227e-01
3.665702999999999323e-02
5.776069999999999122e-02
5.061494999999999883e-02
2.758085000000000397e-02
2.415105000000000723e-02
8.235585000000000822e-02
1.320766999999999913e-01
4.493445000000000772e-02
5.790974999999998207e-02
6.887772000000000339e-02
4.025516000000001204e-02
5.918225999999999348e-02
3.419558999999999099e-02
7.329933999999999061e-02
6.445499999999999841e-02
4.229754000000002234e-02
6.611501000000001571e-02
3.438600000000001378e-02
7.564149999999998653e-02
7.071374799999999294e-02
4.685637200000000724e-02
9.301172000000000606e-02
8.072630349999998511e-02
6.698819350000001505e-02
9.288385999999998477e-02
3.937200000000001809e-02
5.130145000000001232e-02
9.240419999999999190e-02
5.328900000000001691e-02
4.614305000000000490e-02
1.093043099999999879e-01
9.893700999999999190e-02
7.652699999999998393e-02
1.176845000000000495e-02
6.250295999999999630e-02
7.910675500000000082e-02
4.460632300000001021e-02
6.520890700000001039e-02
6.048701500000001202e-02
5.680583000000000160e-02
4.926409000000000343e-02
5.662121999999998601e-02
5.513444999999999457e-02
4.843275000000000358e-02
6.295343999999999940e-02
4.641260999999999304e-02
2.196436999999999348e-02
1.851571800000002127e-02
2.738743599999998724e-02
1.350216300000000279e-02
1.110331979999999857e-01
1.199347499999999928e-01
7.480563499999999533e-02
8.717884999999998830e-02
1.067042500000000282e-01
6.677272000000000762e-02
1.821846299999999863e-01
1.597944500000000045e-01
2.185224999999999321e-02
8.734455000000000691e-02
1.159737999999999880e-01
6.319505000000000261e-02
6.505314999999999015e-02
1.020265000000000200e-01
