FramewiseDisplacement
7.401852000000000431e-02
4.081458199999998815e-02
2.746411400000003597e-02
1.640231799999997825e-02
2.484944999999999515e-02
4.648229999999999029e-02
4.757435000000000136e-02
2.655239999999998990e-02
5.626975000000000032e-02
7.820133000000002721e-02
5.711218000000001238e-02
4.845065000000003258e-02
4.990677999999999781e-02
7.164980999999999434e-02
2.532433000000000947e-02
2.272251000000001520e-02
3.214785000000001947e-02
3.143600000000007673e-03
3.454965000000001507e-02
4.648215000000000680e-02
6.559713000000000349e-02
6.043906000000000278e-02
4.755633000000000776e-02
2.731160000000000185e-02
2.685690999999999773e-02
2.426258000000000581e-02
2.688740399999999323e-02
2.899988599999999556e-02
3.721983999999999015e-02
4.442799000000000054e-02
5.009919999999998957e-02
3.641940000000001496e-03
5.772205000000000391e-02
4.125701000000000368e-02
4.658901999999999488e-02
5.055790600000000662e-02
5.186258400000001018e-02
5.504929499999999809e-02
1.582184999999999495e-02
4.524858499999999395e-02
5.568135699999999383e-02
2.956644299999999434e-02
6.356288000000000216e-02
3.351730999999999461e-02
2.936915349999999134e-02
1.842552999999998165e-02
2.602393000000000414e-02
2.941135000000000624e-02
1.433780049999999404e-02
4.852394999999999625e-02
2.561079999999999607e-02
5.265485300000000146e-02
3.163978400000000413e-02
3.780013650000000475e-02
2.376659999999999190e-02
2.513512149999999612e-02
2.561219499999999732e-02
3.502678699999998979e-02
6.160957699999999870e-02
3.739937999999999596e-02
5.417856399999999850e-02
9.644881599999999278e-02
8.630004999999998927e-02
3.542819999999999997e-02
8.400200000000005232e-03
3.824459999999998971e-02
3.581229999999999830e-02
4.118418999999999552e-02
4.191808500000000770e-02
3.890124499999998708e-02
4.386514999999999165e-02
1.760870000000000143e-02
2.248359999999999942e-02
3.588181000000000009e-02
8.865039999999999032e-02
3.999128999999999878e-02
1.165284999999999759e-02
1.399715000000000507e-02
2.228385000000000088e-02
5.290034999999999876e-02
4.920954999999999774e-02
3.833888999999999353e-02
5.608593899999999438e-02
3.038133900000000026e-02
3.480608999999999786e-02
3.287930000000000713e-02
1.190435000000000451e-02
1.125044999999999518e-02
3.366734999999999867e-02
2.034960000000000241e-02
2.498909999999999673e-02
3.966234999999999900e-02
4.219795999999999964e-02
4.756965999999999972e-02
4.220519999999999133e-02
4.856150000000001438e-02
3.501225000000000170e-02
3.160199999999999815e-02
1.638138500000000178e-02
3.114039499999999780e-02
2.768614500000000228e-02
2.493228499999999848e-02
2.026763499999999912e-02
1.872545500000000196e-02
2.555884999999999407e-02
1.566598999999999769e-02
1.952593000000000384e-02
2.978204999999999741e-02
3.815282999999999869e-02
3.537290000000000226e-03
2.665346999999999855e-02
2.718732000000000093e-02
2.065395000000000078e-02
4.037783999999999818e-02
2.099449999999999927e-02
2.947904999999999623e-02
2.107784000000000046e-02
1.624374000000000304e-02
1.475919999999999489e-02
1.525679499999999314e-02
6.614874999999997493e-03
1.951752499999999391e-02
1.001980999999999879e-02
6.611310500000000534e-02
3.105283999999999822e-02
4.453176999999999830e-02
3.446596999999999855e-02
2.032768499999999812e-02
4.889380000000001329e-03
5.111524499999999666e-02
4.122459499999999583e-02
2.016120500000000149e-02
3.790582900000000199e-02
2.126698700000000455e-02
4.933366100000000781e-02
4.372230199999999067e-02
5.133583499999999633e-02
6.227858235000000020e-02
1.772332735000000173e-02
2.765710999999999864e-02
3.074031699999999617e-02
3.579110199999999825e-02
1.467971000000000206e-02
1.216859204999999958e-02
3.533836105000000283e-02
2.766767899999999711e-02
5.096556499999999740e-02
2.830917499999999892e-02
2.366774000000000308e-02
2.037374600000000160e-02
2.392928899999999942e-02
3.314058500000000018e-02
3.164662000000000031e-02
1.303804000000000074e-02
1.348996999999999696e-02
1.181828000000000045e-02
3.635430499999999648e-02
2.473797000000000496e-02
1.763261500000000079e-02
2.477889999999999954e-02
7.538398500000000058e-02
2.945999949999999479e-01
1.483605999999999814e-01
5.320015000000000160e-02
6.088995000000001212e-02
1.913336350000000713e-02
3.570346349999999752e-02
1.673634000000000580e-02
2.995891999999999653e-02
3.848270900000000383e-02
2.088636399999999407e-02
4.698063699999999870e-02
5.737299700000000197e-02
7.724872000000009356e-03
1.797668899999999709e-02
3.051366599999999138e-02
5.889745999999999176e-02
3.279130000000000933e-02
1.204131999999999772e-02
3.489222699999998401e-02
2.607868699999999623e-02
9.871339999999997547e-03
1.113885900000001483e-02
2.555710500000001051e-02
3.023468100000000630e-02
5.559525000000000577e-02
3.754845300000000247e-02
5.731685000000000252e-02
2.593739499999999851e-02
4.341675000000000395e-02
2.227321500000001286e-02
3.945589000000000734e-02
3.885009999999998465e-02
4.238581999999999766e-02
7.781345000000000622e-02
8.501277000000000139e-02
5.055820999999999232e-02
3.951809999999999351e-02
3.045205999999999955e-02
2.739798249999999755e-02
5.321205000000000379e-02
6.405342250000001236e-02
2.594123999999999736e-02
1.376742999999999890e-02
4.421605500000000410e-02
2.737012999999999946e-02
3.677579000000000264e-02
4.073638499999999996e-02
3.838199999999999945e-02
5.169636000000000370e-02
1.519679850000000415e-02
3.051464849999999465e-02
4.651259999999999423e-02
3.731584999999999763e-02
2.543648000000000436e-02
2.470430149999999769e-02
3.376058149999999064e-02
2.235334999999999406e-02
4.263395000000001073e-02
2.546810000000002128e-02
2.902720999999999774e-02
3.076720999999998929e-02
4.642602000000001922e-02
4.848647000000000373e-02
4.653370000000000423e-02
6.684071999999999236e-02
3.822171999999999376e-02
3.870680000000000648e-02
3.715360000000000884e-02
8.379039999999998711e-02
1.068899799999999956e-01
8.255880000000015775e-03
3.372180500000000747e-02
2.213627500000000040e-02
4.605273499999999742e-02
7.685053499999999760e-02
7.258044999999999081e-02
3.909771999999999553e-02
1.483032000000000447e-02
2.980328499999999881e-02
3.100608999999997922e-02
2.278762399999999244e-02
1.996717100000001271e-02
2.500859000000000068e-02
3.961199999999999444e-02
3.777779999999998639e-02
8.291849999999999221e-02
5.382390000000000785e-02
4.570840000000000319e-02
3.624614999999999088e-02
7.900365000000000859e-02
2.910203000000000442e-02
1.100213199999999919e-01
7.648368999999999307e-02
4.109943500000001748e-02
5.705693500000001001e-02
6.423570000000000668e-02
1.385829999999999701e-02
5.658400000000000929e-02
3.410110000000000224e-02
3.862229999999999830e-02
5.145594999999999336e-02
5.072917999999999872e-02
2.041118000000000793e-02
4.523914999999999187e-02
3.693609999999999255e-02
5.388774999999999815e-02
3.446474999999999539e-02
7.937000000000013489e-03
4.877880000000000410e-02
6.734420000000000683e-02
3.947970000000002033e-02
5.280620000000001146e-02
3.769105000000000372e-02
2.918670000000000292e-02
7.802755000000001495e-02
6.665505000000000735e-02
2.220975000000000379e-02
3.179570000000000313e-02
3.834669999999999745e-02
2.395184999999999675e-02
4.970664999999999806e-02
3.935500000000001497e-02
5.472950000000000037e-02
2.126689999999999137e-02
2.609050000000001646e-02
2.814415000000000666e-02
4.649620000000000836e-02
4.604479499999999254e-02
