FramewiseDisplacement
3.060765000000001401e-02
4.767220000000003954e-02
5.859625000000000944e-02
2.383439999999997783e-02
4.407320000000001375e-02
6.364659999999999762e-02
5.070839999999997294e-02
7.750335000000004027e-02
1.326456650000000237e-01
9.281647499999999551e-02
7.865804000000005403e-02
6.042617500000002639e-02
7.979919499999998944e-02
1.529361699999999824e-01
3.649574999999998653e-02
5.963875000000003895e-02
7.460495000000003096e-02
6.584374999999997868e-02
5.684629500000001195e-02
1.057424949999999642e-01
7.747693799999999520e-02
2.008821620000000030e-01
2.306156500000000331e-01
1.458324999999999760e-01
1.030104999999999910e-01
5.607345000000002466e-02
7.271254999999995916e-02
7.913612899999997174e-02
7.143917099999994025e-02
4.532494999999998192e-02
4.782454999999998652e-02
8.482534999999999381e-02
5.128574999999997719e-02
8.900256999999997531e-02
5.166094999999997633e-02
4.855498000000003922e-02
4.809895000000004306e-02
3.579615999999999354e-01
2.136620999999999937e-01
6.974189999999999556e-02
3.482684999999998560e-02
8.273439999999999961e-02
1.211588499999999846e-01
1.036933000000000021e-01
5.317150999999999128e-02
1.457274100000000017e-01
6.795120000000000327e-02
1.213085000000000274e-01
9.802799999999997627e-02
5.459000000000001351e-02
7.348520000000000052e-02
1.158821000000000295e-01
8.498500000000001886e-02
7.561439999999998440e-02
9.983485999999998362e-02
3.585784000000001581e-02
7.969532999999999479e-02
4.230168000000000122e-02
5.988766999999999008e-02
5.719916999999999363e-02
7.458385900000000235e-02
1.164413690000000307e-01
8.809169999999999501e-02
9.047709999999999086e-02
7.140049999999999175e-02
5.558451999999998450e-02
6.660557999999998369e-02
2.229614000000001289e-02
4.855774999999999675e-02
2.901389999999999525e-02
4.334339999999999027e-02
3.199089999999998185e-02
4.360026000000000873e-02
7.113511000000000140e-02
4.150590000000001223e-02
5.460140000000000132e-02
7.300325000000000564e-02
1.255942999999999643e-01
1.098225899999999700e-01
1.108588899999999877e-01
2.423680000000000972e-02
5.401340000000001695e-02
2.077254999999999380e-02
4.282639999999998670e-02
6.003189999999999221e-02
7.769279599999998065e-02
1.311651960000000117e-01
7.286520000000001884e-02
6.368876000000001092e-02
5.301385999999999599e-02
7.656460599999999339e-02
5.784795400000002086e-02
5.272745999999998989e-02
1.113774099999999823e-01
6.373585999999999141e-02
9.694563000000001873e-02
2.045420999999999698e-02
4.607772999999999730e-02
5.756849999999998774e-02
5.795305999999999375e-02
8.127961000000000213e-02
8.333433000000002588e-02
5.362680000000000224e-02
3.253744999999999554e-02
5.581337000000000104e-02
5.062158000000001323e-02
3.049800000000000080e-02
3.254850000000000104e-02
3.005585000000000895e-02
5.649501999999998608e-02
3.784097999999999629e-02
1.538274100000000255e-01
2.076509500000000286e-01
9.758145000000000013e-02
4.206664999999999710e-02
7.021679999999999588e-02
4.736482499999999929e-02
6.193230499999997918e-02
5.751506999999998065e-02
2.020545000000000327e-02
4.689344799999999730e-02
3.872261800000000725e-02
4.802184000000001007e-02
1.372391000000000409e-02
1.956564000000000914e-02
2.307992000000001764e-02
1.262372000000000841e-02
2.612329999999998473e-02
5.230856000000000394e-02
2.600378999999999191e-02
2.605457599999999943e-02
4.590027399999999785e-02
3.973234999999999961e-02
9.213239999999994073e-03
5.108320000000002997e-03
6.128038300000000077e-02
6.692449199999998821e-02
1.274039900000000121e-02
2.130446600000000107e-02
7.865029999999997856e-02
6.671144999999999159e-02
6.430290999999999091e-02
7.437110499999999291e-02
6.523922499999998403e-02
9.107506649999999593e-02
3.067632500000000081e-02
7.154504949999999919e-02
1.220333000000000181e-02
3.101682999999999871e-02
6.357232000000000161e-02
1.798168999999999809e-02
2.939375999999999794e-02
1.966508099999999745e-02
1.495880549999999837e-02
4.563441650000000377e-02
4.122181299999999604e-02
1.408364999999999791e-02
1.834217500000000570e-02
2.040293999999999441e-02
3.567780499999999994e-02
4.621538000000000035e-02
2.633933700000000433e-02
2.238292299999999901e-02
5.572020499999999488e-02
3.351970000000000643e-02
2.381658099999999986e-02
3.154986599999999586e-02
2.814473000000000322e-02
3.417664000000000812e-02
6.147782999999999720e-02
3.967085499999999793e-02
1.475083999999999597e-02
4.091877249999999189e-02
4.566135749999999938e-02
4.898681499999999606e-02
2.523395499999999889e-02
1.050272000000000011e-02
4.592606500000000203e-02
2.863603000000000329e-02
4.053690455000000248e-02
3.128079455000000453e-02
1.820085000000000106e-02
1.691422500000000495e-02
2.330336900000000433e-02
5.008912599999999771e-02
2.388583500000000456e-02
3.818551000000000584e-02
2.369229500000000904e-02
2.915300500000000267e-02
2.939645000000000452e-02
2.235093999999999970e-02
1.831242000000000286e-02
1.799367500000000064e-02
3.068056499999999992e-02
4.589864000000001137e-02
7.070495000000000252e-02
3.234527500000001360e-02
4.662991244999999119e-02
3.365214744999998897e-02
2.802922000000000052e-02
3.289164999999999450e-02
3.075308300000001091e-02
5.290429300000000501e-02
3.607908999999998728e-02
4.622104999999999964e-02
3.655544000000000848e-02
3.635129999999998224e-02
2.441213999999999537e-02
1.900816499999999354e-02
4.916545500000001762e-02
3.867270000000000429e-02
5.175717999999998598e-02
4.627477999999998759e-02
5.182562999999999059e-02
2.913477999999999901e-02
4.647009000000000556e-02
3.308697999999999501e-02
3.533581149999999449e-02
5.559619149999999593e-02
5.200351999999998365e-02
4.992859000000000880e-02
2.379038999999998072e-02
4.605726999999997656e-02
4.692898000000000208e-02
7.513379999999998671e-02
6.698957999999996527e-02
6.323052999999997925e-02
5.409420000000002282e-02
3.170770000000000532e-02
5.465335000000001026e-02
3.443809999999999927e-02
2.601029999999998968e-02
2.291669999999997737e-02
4.695485000000003406e-02
2.953080000000001676e-02
2.987828999999999485e-02
2.288916999999999341e-02
5.793946000000001206e-02
4.231714999999999782e-02
4.266110999999998821e-02
2.103133000000001473e-02
2.800343000000002011e-02
7.347035999999998457e-02
6.995159000000002181e-02
4.448386999999998787e-02
2.962264999999999690e-02
4.404760000000002007e-02
4.812685000000001961e-02
4.073338999999999432e-02
2.500087000000000836e-02
3.543107000000002282e-02
4.608609999999994933e-02
1.224815000000000625e-02
6.350338000000002592e-02
6.389023500000001743e-02
7.984330500000004494e-02
7.197035000000000238e-02
6.975694000000001727e-02
4.270323000000000868e-02
4.139000000000001012e-02
4.806244000000002570e-02
2.032253999999996535e-02
5.421515000000001749e-02
2.347915000000003194e-02
5.724989999999999246e-02
3.353509999999994273e-02
3.058791000000000981e-02
1.936324000000002460e-02
3.492282000000002107e-02
2.170412999999999856e-02
2.163395999999998681e-02
5.836901000000004752e-02
3.758622000000001045e-02
4.302696000000000992e-02
5.131428999999999158e-02
4.045714999999998340e-02
3.664390000000001396e-02
5.265369000000000299e-02
4.415549999999998643e-02
6.312188000000001908e-02
2.280564500000000633e-02
7.672816499999997319e-02
3.023369999999995714e-02
3.137339999999999574e-02
2.751190000000006131e-02
5.907849000000001127e-02
3.962303999999999826e-02
5.177666000000002294e-02
4.790597000000006156e-02
