FramewiseDisplacement
1.492467000000000099e-01
1.114209999999999784e-01
1.461758000000000224e-01
1.564186000000000187e-01
1.055916000000000354e-01
9.365309999999998913e-02
6.426129999999996567e-02
7.278119999999996259e-02
4.911189999999997224e-02
7.084280000000001132e-02
3.736879999999994512e-02
6.843250000000000721e-02
9.048319999999998586e-02
7.602349999999996610e-02
7.555260000000002529e-02
5.478879999999997086e-02
1.066202999999999596e-01
1.226582999999999701e-01
1.512374000000000218e-01
1.294179000000000024e-01
1.196526000000000256e-01
1.202827999999999953e-01
1.477245000000000086e-01
1.256410999999999778e-01
9.231930000000002079e-02
5.183280000000001220e-02
2.953849999999997797e-02
3.692660000000000386e-02
5.262990000000001417e-02
4.409280000000001531e-02
2.542259999999998271e-02
1.192686999999999914e-01
1.462576999999999905e-01
1.490852999999999762e-01
1.516191000000000344e-01
1.303842000000000056e-01
1.328591999999999829e-01
1.178233999999999670e-01
9.529759999999994069e-02
8.579469999999998764e-02
9.458479999999999666e-02
6.387780000000002623e-02
7.295750000000000846e-02
7.184330000000002658e-02
6.644459999999999256e-02
9.102749999999998343e-02
1.214268999999999765e-01
1.394904000000000144e-01
1.375474999999999892e-01
1.857638000000000345e-01
8.589890000000000025e-02
5.064979999999998095e-02
1.108169999999999711e-01
1.442566000000000126e-01
1.493435000000000179e-01
9.146279999999999688e-02
8.977749999999999619e-02
7.976179999999996606e-02
1.279860999999999915e-01
1.312096000000000373e-01
8.926580000000000625e-02
1.315854999999999941e-01
1.437246000000000079e-01
1.270468000000000153e-01
1.203369999999999995e-01
1.198463000000000306e-01
9.796449999999999603e-02
8.149739999999999762e-02
8.739389999999999659e-02
1.734968000000000066e-01
1.542736000000000107e-01
1.572062999999999933e-01
1.086663000000000073e-01
1.580244000000000093e-01
1.716007999999999700e-01
2.200716399999999850e-01
1.800026399999999915e-01
1.727067499999999922e-01
1.853025500000000103e-01
1.523490000000000122e-01
1.321531000000000233e-01
1.882477099999999570e-01
1.325916099999999986e-01
1.167120799999999819e-01
1.351385799999999804e-01
1.534138020000000158e-01
1.382015020000000038e-01
1.544525000000000203e-01
5.064644999999998870e-02
7.754904999999999438e-02
1.097387369999999890e-01
1.584081370000000044e-01
1.757927999999999991e-01
1.240230999999999972e-01
1.167254499999999945e-01
9.095464999999998412e-02
9.381149999999997824e-02
7.755509999999998794e-02
9.833900000000000974e-02
1.706590500000000343e-01
1.894807500000000311e-01
1.551796500000000023e-01
1.536961500000000036e-01
1.817805050000000089e-01
1.206562050000000302e-01
1.516808950000000100e-01
1.213470450000000006e-01
1.428673700000000213e-01
7.674206999999998169e-02
7.956360999999997907e-02
8.264061000000000323e-02
8.883454999999999824e-02
8.312772000000000217e-02
9.059933000000000569e-02
9.293391000000000846e-02
1.032768500000000034e-01
1.007820999999999995e-01
6.377668999999999699e-02
5.091456000000000454e-02
1.394245199999999962e-01
9.185255000000000503e-02
6.508055000000000090e-02
2.643939999999999485e-02
3.973879000000000300e-02
3.833960499999999882e-02
6.456646999999998693e-02
6.558785500000000046e-02
1.006153849999999877e-01
1.153020000000000017e-01
8.704697500000001253e-02
1.133820850000000074e-01
1.095455499999999915e-01
9.622464999999999491e-02
1.074532500000000002e-01
9.255059499999998551e-02
1.033996249999999950e-01
1.128732550000000057e-01
1.030276520000000251e-01
1.068810069999999862e-01
1.039135799999999915e-01
7.832658374999999784e-02
1.167613887500000142e-01
8.974593039999999300e-02
1.335388096000000302e-01
1.085896600000000045e-01
1.189231300000000158e-01
1.250750999000000141e-01
1.122632598999999815e-01
9.713600499999999749e-02
1.101886050000000089e-01
9.514129400000000125e-02
1.147747640000000013e-01
8.247667700000001212e-02
7.804103699999999366e-02
6.841671000000000558e-02
2.311298499999999909e-02
4.463964500000000557e-02
4.566699000000000452e-02
4.346353500000000453e-02
2.811059500000000211e-02
4.887612699999998450e-02
7.020482299999999953e-02
1.213357310000000022e-01
8.320973300000002182e-02
8.929768600000001499e-02
7.914589999999999126e-02
1.114550900000000067e-01
1.234132599999999969e-01
1.191462799999999794e-01
1.077926599999999846e-01
9.794722999999999624e-02
1.068254339999999969e-01
8.955430899999999861e-02
6.949800500000000159e-02
4.599195000000000366e-02
6.603623999999999605e-02
5.071790000000000326e-02
5.646111000000000185e-02
8.708508900000000441e-02
1.155673290000000103e-01
1.125383699999999987e-01
7.854362000000000843e-02
9.009612000000000176e-02
9.480467000000000755e-02
1.018244100000000041e-01
1.226165800000000167e-01
1.483234799999999798e-01
1.352376100000000081e-01
1.115943499999999949e-01
7.276424000000000780e-02
9.924002000000001211e-02
7.168748999999999261e-02
1.037484699999999815e-01
1.012746800000000058e-01
1.059239800000000009e-01
8.702293999999999308e-02
1.091715999999999936e-01
9.353090000000000015e-02
1.209847789999999867e-01
9.580787899999999857e-02
1.174542799999999942e-01
1.054610799999999848e-01
1.027957519999999902e-01
9.418025199999999209e-02
8.253079999999998750e-02
3.587010000000000892e-02
8.271160000000001011e-02
7.739614999999998302e-02
8.011090000000001266e-02
1.192363200000000067e-01
4.904294000000002096e-02
3.825196000000001539e-02
2.615805999999999687e-02
6.536326999999998721e-02
5.139306999999998515e-02
5.079020000000000062e-02
4.412358000000000252e-02
4.506936900000001189e-02
6.693646399999998720e-02
9.338272799999999818e-02
6.860184299999998181e-02
6.952002000000000181e-02
6.943231499999999445e-02
3.913589500000000387e-02
7.332273000000001650e-02
1.083888499999999949e-01
1.186348500000000139e-01
1.051086200000000137e-01
6.250184000000001683e-02
3.675232999999999972e-02
5.267468000000002232e-02
9.420417000000000374e-02
1.275596400000000019e-01
6.826734999999997666e-02
3.661370000000000596e-02
2.687620000000001674e-02
4.053355000000001540e-02
1.762050000000000768e-02
6.173760000000000359e-02
6.030239999999997824e-02
4.039189999999999447e-02
5.690260999999999236e-02
5.643591000000000579e-02
4.628269000000000133e-02
3.152252999999999306e-02
7.556817999999998481e-02
1.184222500000000067e-01
1.128742900000000160e-01
1.151792500000000247e-01
1.076211999999999863e-01
1.110312400000000171e-01
1.001851900000000073e-01
8.409304000000000778e-02
8.817185500000002119e-02
8.265348499999997101e-02
6.403099000000000984e-02
3.920516000000000278e-02
3.388860999999998569e-02
6.695289499999999838e-02
6.568110500000001739e-02
7.448944000000000398e-02
9.681802500000000200e-02
4.214492500000000669e-02
5.476854999999998530e-02
3.903134999999998550e-02
1.196659999999999738e-02
3.572725000000000900e-02
7.101329999999998754e-02
8.518416000000000876e-02
7.741976000000001801e-02
9.850690000000000834e-02
7.073940000000000783e-02
9.752525000000000777e-02
4.403473500000000540e-02
2.949063500000001503e-02
7.205315000000001024e-02
2.551605000000000192e-02
4.726224999999999871e-02
8.735369999999992308e-03
4.659379000000000298e-02
6.537392000000000203e-02
3.070540000000001463e-02
3.980015000000002717e-02
4.040082500000000826e-02
5.300995500000003219e-02
2.734488999999997935e-02
2.293969999999997608e-02
2.586906000000000622e-02
3.071368000000001749e-02
