FramewiseDisplacement
2.693139999999998729e-02
5.619659999999999933e-02
4.907759999999992961e-02
4.671389999999997489e-02
6.642385000000002038e-02
9.439685000000001824e-02
5.893285000000000884e-02
3.141474999999999823e-02
3.393780000000001101e-02
1.953799999999998940e-02
3.337765000000000176e-02
3.936394999999998090e-02
2.638850000000001611e-02
6.824790000000004186e-02
2.664740000000001899e-02
4.655050000000000160e-02
2.703525000000001760e-02
3.877849999999999353e-02
4.315204999999999735e-02
4.424894999999999523e-02
6.080745000000001288e-02
4.850929999999999132e-02
5.162959999999996996e-02
3.098489999999996802e-02
5.289479999999999182e-02
5.390875000000001221e-02
5.554015000000000341e-02
8.156719999999997861e-02
6.197329999999998118e-02
4.862209999999998755e-02
4.052905000000002478e-02
4.046419999999996409e-02
3.399754999999998750e-02
6.181439999999996382e-02
7.344029999999998615e-02
4.307919999999998417e-02
7.860345000000001914e-02
7.174060000000000159e-02
8.015094999999998471e-02
1.752729999999998178e-02
3.787125000000001601e-02
8.154345000000001731e-02
4.767970000000003317e-02
4.007965000000002220e-02
8.764900000000000468e-02
5.927900000000001224e-02
2.075075000000005040e-02
2.699089999999997394e-02
4.588630000000000486e-02
5.724879999999998859e-02
3.019850000000001006e-02
4.452720000000001677e-02
9.790855800000000664e-02
6.544100799999996720e-02
8.310899999999996068e-02
5.580244999999998956e-02
6.675055000000001959e-02
4.293274999999999869e-02
1.100153999999999993e-01
7.564445000000000197e-02
4.459400000000000863e-02
6.071584999999998095e-02
7.450640000000001428e-02
2.590067000000001798e-02
4.860503999999998825e-02
2.245147999999999242e-02
4.021260000000000112e-02
3.139710000000000417e-02
5.220599999999999546e-02
6.362307000000001767e-02
5.675182000000000143e-02
3.002884999999999582e-02
2.883170000000000871e-02
2.917933999999999806e-02
1.041368399999999805e-01
1.998959999999997197e-02
4.858914999999999762e-02
3.374188000000000187e-02
4.106989999999999252e-02
2.839683000000002219e-02
3.301731000000001498e-02
3.439058000000001780e-02
5.424565999999997334e-02
4.253363000000000282e-02
4.601569999999999272e-02
4.065295999999998799e-02
2.675206000000000806e-02
5.084904999999999980e-02
4.135324999999998724e-02
6.213219999999999854e-02
1.614808000000000215e-02
3.061734999999998763e-02
3.278843000000000035e-02
3.895237999999999479e-02
3.356776999999999678e-02
3.647643999999999193e-02
2.390089099999999356e-02
4.056646099999999117e-02
1.284416999999999677e-02
1.108374999999999638e-02
5.592998000000000414e-02
1.788203499999999890e-01
1.692293700000000456e-01
1.475880300000000089e-01
5.820844000000000018e-02
4.582465000000000149e-02
5.143624699999999744e-02
3.581068699999999383e-02
7.672686000000000783e-02
4.275189000000000766e-02
7.988192500000000640e-02
6.984687500000000271e-02
5.209455699999999967e-02
8.050220299999999440e-02
3.503882099999999777e-02
1.142124260000000058e-01
6.258271499999998322e-02
5.086300159999999904e-02
4.979583159999999981e-02
2.005497000000000182e-02
4.159720999999999558e-02
4.823537999999999437e-02
7.650047999999999571e-02
6.540767999999999582e-02
6.872804999999999886e-02
1.022420300000000115e-01
5.573627000000000442e-02
1.787442600000000159e-01
1.016657900000000059e-01
7.514356000000001201e-02
3.279017999999999516e-02
4.796314000000000133e-02
3.944925999999999988e-02
7.241856500000000418e-02
6.923063799999999712e-02
1.553356800000000107e-02
2.859078500000000050e-02
5.450932000000000693e-02
1.036626999999999965e-01
3.331681999999999699e-02
4.919567999999999858e-02
7.818440200000000007e-02
6.107688800000000973e-02
1.543578699999999942e-02
5.593010499999999385e-02
2.692085899999999837e-02
3.473836699999999916e-02
8.742248800000000652e-02
5.201551000000000091e-02
4.544526699999999753e-02
5.416876499999999373e-02
3.820944500000000160e-02
4.237470870000000639e-02
4.408587569999999206e-02
3.017371699999999921e-02
4.623655200000000021e-02
5.516272000000000536e-02
3.578556899999999624e-02
5.294199000000000127e-02
5.719496300000000144e-02
3.704555300000000190e-02
3.184776000000000273e-02
4.798403999999999864e-02
5.367231999999999559e-02
3.694539799999999735e-02
6.484044199999999813e-02
6.348269999999998914e-02
2.116143999999999664e-02
3.588490500000000166e-02
4.698021799999999720e-02
6.377252299999999763e-02
3.465739999999999793e-02
4.333249999999999602e-02
4.442041000000000739e-02
7.387609999999998622e-02
5.715789500000000023e-02
4.990333500000000699e-02
3.761257999999999962e-02
2.678722000000000047e-02
5.298355000000000425e-02
6.022931400000000601e-02
5.917543899999999635e-02
5.346610299999999399e-02
4.913403800000000488e-02
3.773010999999999726e-02
9.419394999999999851e-02
5.325667000000000595e-02
2.434698999999999891e-02
5.570904999999999607e-02
3.343052999999999997e-02
5.267089000000000493e-02
3.676969850000000317e-02
8.089411850000000070e-02
6.134308000000000816e-02
3.295784499999999950e-02
4.668291499999999844e-02
2.778428499999999884e-02
6.604079500000001324e-02
9.878373999999999489e-02
4.713580499999999590e-02
4.296622500000001066e-02
4.625361000000000750e-02
5.635256500000001417e-02
1.327601000000000822e-02
3.442924500000000415e-02
4.572405499999999956e-02
4.670712499999998824e-02
8.639162200000000125e-02
6.121693500000000010e-02
5.276711299999999744e-02
8.357200000000002127e-02
1.909084999999999255e-02
8.469257999999998954e-02
5.423799500000002494e-02
3.500592500000000717e-02
2.233153000000001609e-02
3.256913999999998949e-02
4.741638000000000797e-02
7.043286800000000958e-02
1.014107819999999910e-01
1.289978500000000250e-01
5.925430000000000974e-02
7.643215269999997785e-02
4.168495270000000669e-02
7.937352999999999770e-02
5.100007000000000845e-02
3.704006999999999439e-02
4.894346000000000113e-02
6.438328000000000106e-02
1.745765000000000164e-02
5.554790000000000422e-02
3.339955000000001395e-02
1.947770000000000404e-02
5.631300000000000888e-02
4.651629999999999654e-02
9.238849999999998452e-02
2.608494999999998523e-02
2.447293500000001509e-02
2.826871800000001211e-02
4.030783700000001302e-02
6.579980200000000445e-02
5.638221800000000478e-02
4.268905000000001310e-02
2.901694999999998581e-02
7.560479999999997203e-02
5.123458999999998958e-02
7.842483999999996791e-02
5.036350000000000549e-02
1.335838000000000025e-01
9.841539999999998622e-02
1.224007949999999928e-01
5.973708500000000227e-02
7.389589000000001962e-02
5.632675000000002263e-02
6.143980000000000274e-02
3.957890000000000019e-02
4.512460000000000776e-02
1.872320000000000928e-02
1.501667899999999944e-01
4.733074000000001003e-02
7.163460000000000660e-02
7.195470000000001032e-02
6.216969999999999441e-02
7.162324999999998554e-02
6.285114999999999452e-02
3.290703000000000378e-01
4.112594500000000264e-01
1.598435500000000009e-01
1.128272750000000185e-01
8.871668500000001734e-02
4.740334000000000214e-02
6.518564999999999776e-02
4.662879999999999803e-02
7.318154999999999799e-02
8.272454999999999392e-02
5.750911000000002993e-02
7.326605999999998009e-02
2.760802499999999715e-01
4.058380000000000321e-01
3.230531500000000666e-01
1.657931000000000266e-01
8.624749000000002386e-02
4.079434999999997924e-02
9.120646000000000309e-02
2.489849999999998661e-02
4.700774500000000355e-02
5.559359499999999565e-02
3.229900999999999606e-02
3.438067900000001120e-02
