FramewiseDisplacement
1.151774999999999743e-01
1.082454999999999667e-01
7.806899999999997175e-02
1.936870000000000258e-01
4.772286000000000028e-01
2.559193000000000717e-01
8.589489999999999625e-02
1.455432000000000670e-01
1.748575999999999464e-01
8.379463999999994805e-02
2.163234399999999225e-01
1.963229999999999698e-01
2.489378000000000424e-01
2.869138999999999440e-01
1.558402999999999317e-01
1.208013999999999755e-01
1.232178529999999606e-01
1.080341529999999661e-01
9.429649999999996368e-02
5.504609999999997283e-02
8.093830000000003244e-02
1.412270000000000192e-01
6.345130000000001602e-02
7.566620000000003066e-02
4.467270000000002350e-02
3.960990000000005895e-02
9.532849999999995494e-02
1.007102999999999193e-01
5.477940000000000587e-02
4.548907999999998730e-01
3.981348999999999583e-01
2.304637000000000213e-01
1.485480999999999607e-01
3.098474999999995677e-02
5.034085000000007581e-02
1.252775999999999612e-01
1.054569999999999536e-01
3.889870000000007072e-02
5.638614999999995436e-02
8.120830000000001103e-02
2.910795000000004212e-02
6.550669999999997328e-02
5.105979999999998159e-02
6.101015000000001298e-02
4.551089999999998609e-02
2.906265000000005441e-02
6.267245000000000454e-02
7.041790000000001937e-02
5.344299999999996970e-02
6.587135000000002294e-02
7.300709999999989430e-02
4.384139500000000744e+00
2.964858000000000438e+00
3.343874799999998482e-01
1.191700199999998905e-01
1.197750499999999524e-01
1.123161500000000451e-01
2.499295500000000558e-01
4.257922060000000064e-01
5.456937559999999188e-01
2.162068500000000615e-01
1.508956499999999090e-01
1.987850499999998799e-01
1.472728499999998719e-01
1.835672499999998764e-01
1.306908999999999155e-01
1.352625999999999273e-01
4.993690000000011037e-02
8.136810000000009591e-02
2.522820149999999151e-01
2.003067250000000743e-01
1.102609900000000309e-01
1.136705500000000368e-01
1.697795499999999458e-01
9.771934999999991323e-02
1.118212449999999303e-01
6.688055500000003595e-02
7.832830000000008674e-02
8.322642999999996238e-02
4.776790500000007572e-02
6.592397500000009292e-02
1.159463199999999361e-01
7.356347999999995890e-02
8.396942500000004195e-02
1.047150600000000403e-01
1.056122899999998865e-01
7.926486499999992053e-02
3.484999999999993658e-02
9.436506000000009775e-02
8.297050000000012748e-02
6.610560000000000047e-02
1.148671000000000969e-01
4.364669999999992028e-02
2.419150000000003242e-02
3.344634999999997887e-02
2.344605000000012443e-02
5.383269999999999028e-02
5.713875000000000204e-02
6.698884999999993317e-02
4.545980000000003629e-02
4.271079499999999585e-01
4.011578000000000088e-01
1.560650499999998719e-01
1.390366999999998465e-01
9.649719999999994968e-02
4.091034999999994259e-02
9.191729999999992407e-02
8.447955000000004211e-02
7.593519999999993886e-02
5.904774999999989893e-02
7.823669999999993685e-02
5.873419999999999336e-02
1.254900000000000460e-01
8.469580000000004327e-02
1.042186500000002042e-01
6.764504999999988721e-02
1.157681500000001390e-01
4.366975000000003493e-02
7.062479999999990432e-02
9.739344999999990926e-02
5.396360000000004903e-02
5.618070999999999482e-02
7.411547000000005825e-02
7.926267000000007668e-02
4.059389999999993975e-02
5.114364999999993638e-02
1.110075500000000520e-01
1.256505499999999442e-01
9.352273000000008163e-02
4.169563600000004977e-02
4.489870400000001843e-02
7.825276800000005584e-02
2.823125000000001328e-01
1.798942875000000274e+00
6.449777750000000864e-01
2.959705699999999884e-01
5.053497000000001238e-02
4.645992000000001565e-02
3.840160799999998986e-02
6.087665200000000332e-02
5.710226000000000190e-02
6.771778999999999993e-02
2.774343000000000295e-02
4.950702749999999486e-02
2.376823950000000324e-02
5.195099499999999634e-03
3.991235149999999843e-02
5.165546199999999921e-02
5.705076000000000591e-02
6.071700499999999057e-02
1.647086499999999426e-02
3.065746099999999696e-01
2.506103125000000098e+00
4.120752000000000304e-01
2.950554600000001026e-01
1.311127600000000781e-01
7.446349999999991864e-02
1.256963999999999859e-01
7.205570000000006969e-02
7.137700000000002376e-02
8.305969999999993081e-02
1.328058100000001907e-01
7.708630999999990796e-02
2.071884999999998589e-01
1.026146200000001146e-01
1.240378299999998490e-01
5.193817949999999239e-01
3.702781049999998575e-01
1.557964500000000030e-01
5.279431000000001095e-01
2.690149399999999247e+00
9.662224000000002588e-01
2.640200700000001621e-01
8.073863000000006118e-02
1.422966999999999982e-01
8.486290000000001887e-02
1.875039000000000566e-01
1.980208999999998887e-01
2.545380000000000975e-01
1.962274999999999436e-01
1.754365999999999148e-01
8.779929999999994128e-02
1.214184999999999570e-01
4.695875000000006294e-02
1.027696000000000442e-01
5.803760000000001557e-02
8.218615000000004112e-02
1.068387999999999421e-01
1.817677999999998684e-01
3.830300000000008004e-02
7.586049999999994187e-02
1.544730000000000547e-01
5.161769999999989145e-02
8.094769999999999743e-02
3.403699999999998393e-02
1.503729999999999789e-01
1.369450500000001236e-01
9.765409999999993818e-02
1.883942000000000394e-01
2.001420999999999339e-01
4.443686500000000317e-01
5.184559999999998059e-01
2.836270000000001845e-01
1.987820000000000142e-01
8.896750000000008818e-02
6.715100000000003011e-02
5.728800000000006110e-02
4.122150000000020242e-02
4.124350000000001626e-02
2.484850000000006151e-02
2.693050000000013142e-02
6.113000000000011480e-02
4.269349999999988432e-02
9.494449999999990397e-02
7.850499999999988043e-02
8.602550000000019903e-02
1.872400000000006004e-02
8.666699999999999404e-02
2.061499999999998056e-02
6.878899999999996129e-02
8.662399999999981226e-02
3.706099999999994815e-02
1.335480000000000556e-01
1.283345000000000735e-01
8.709550000000002012e-02
1.183390000000000691e-01
9.489450000000018703e-02
6.590000000000004188e-02
1.170624999999999860e-01
2.431699999999993936e-02
5.037200000000002093e-02
3.136399999999997523e-02
5.562999999999998502e-02
6.409850000000008596e-02
6.131450000000013278e-02
7.161600000000016564e-02
4.356150000000000300e-02
7.171200000000002572e-02
6.908600000000000851e-02
8.752800000000000857e-02
3.595050000000005186e-02
4.227900000000003183e-02
3.219900000000006091e-02
4.875600000000000767e-02
5.927550000000023078e-02
5.316900000000029936e-02
8.899599999999993627e-02
8.976600000000001245e-02
6.391949999999990695e-02
3.174025000000000873e-01
3.913244999999999640e-01
1.718234999999997681e-01
1.226195000000001450e-01
1.857234999999997083e-01
1.284110000000001639e-01
1.098680000000001183e-01
3.385099999999997139e-02
1.094919999999999505e-01
9.224200000000012944e-02
8.384900000000017339e-02
7.978800000000001169e-02
6.150950000000003637e-02
2.793800000000013634e-02
8.771599999999993291e-02
3.157100000000002959e-02
7.396600000000008723e-02
5.082999999999986140e-02
1.424219999999999930e-01
7.845500000000016350e-02
5.775999999999996415e-02
1.097080000000000138e-01
6.292950000000001320e-02
8.807299999999997075e-02
1.402349999999998875e-01
1.339409999999999212e-01
1.444719999999999061e-01
1.298834999999999296e-01
1.336445000000000549e-01
1.445690000000001418e-01
5.401649999999999507e-02
5.801950000000017510e-02
8.994299999999998130e-02
7.785899999999996990e-02
3.230834999999998569e-01
3.735963000000001033e-01
4.326601000000002140e-01
9.090518999999998018e-01
3.977083999999998509e-01
2.981331999999999316e-01
