FramewiseDisplacement
1.354379900000000081e-01
5.525689999999998381e-02
5.651154999999999373e-02
7.467040000000001176e-02
7.155640000000000611e-02
6.300245000000000151e-02
6.370829999999999549e-02
3.564125000000000626e-02
7.606354999999996591e-02
7.207044999999998036e-02
8.387794999999996504e-02
4.408420000000001088e-02
1.029491500000000032e-01
9.759484999999999688e-02
6.990810000000000080e-02
1.001727249999999902e-01
4.801307499999998146e-02
4.876229999999998760e-02
2.317290000000001710e-02
3.496219999999998496e-02
4.378019999999999828e-02
5.322330000000000810e-02
3.626170000000000782e-02
1.148440799999999873e-01
1.933126299999999853e-01
1.399817500000000159e-01
1.464616550000000239e-01
1.218083149999999865e-01
5.545699000000000461e-02
8.336209999999999454e-02
7.316050000000000331e-02
8.638050000000001283e-02
7.198866999999997685e-02
5.405426000000000675e-02
4.221798999999998997e-02
8.829241000000002948e-02
9.761245999999999812e-02
1.449170999999999654e-01
1.354556299999999935e-01
9.197300999999999394e-02
6.196895000000000875e-02
2.067326999999999360e-02
2.376138999999998988e-02
5.843862000000001056e-02
9.253607999999997891e-02
9.159683000000001796e-02
7.029559999999998587e-02
7.014095000000000746e-02
3.098383999999999860e-02
8.085137999999998659e-02
1.120752600000000099e-01
9.489850899999997813e-02
3.977040900000000656e-02
4.644556999999999852e-02
6.919028999999998764e-02
8.635816999999999799e-02
5.901154999999998901e-02
2.720307999999999407e-02
6.379248000000001251e-02
7.756443000000000365e-02
6.778763000000000150e-02
7.650672000000000028e-02
4.982266000000000472e-02
3.367493499999999612e-02
2.991196499999999175e-02
6.699241000000001611e-02
6.510060000000000846e-02
4.089179999999999204e-02
6.596081999999998946e-02
4.960197500000001342e-02
8.732877500000002513e-02
9.074671999999998906e-02
7.150937000000000265e-02
3.444854999999999445e-02
8.730493799999998472e-02
1.174636380000000091e-01
4.685484000000000870e-02
1.655939000000000022e-02
2.311580000000000232e-02
3.370680000000000204e-02
2.187735000000000374e-02
7.608050000000002311e-02
1.201305650000000086e-01
8.548581500000000666e-02
6.052578000000000125e-02
4.397180949999999339e-02
2.316002549999999702e-02
1.368154500000000329e-02
2.079744500000000468e-02
2.160979999999999845e-02
3.410515000000000768e-02
1.047306430000000121e-01
1.053923829999999923e-01
1.138323000000000113e-01
4.597670000000000229e-02
6.356799999999998563e-02
7.500593499999999580e-02
6.716297499999998588e-02
2.570588500000000123e-02
3.087536499999999490e-02
4.181880000000000319e-02
3.233739000000000058e-02
4.618731000000000919e-02
4.503994499999999790e-02
2.982230000000000297e-02
5.282356000000001245e-02
9.537146000000000512e-02
6.256088499999999664e-02
1.425636650000000061e-01
1.628733350000000080e-01
1.099492399999999898e-01
5.844818499999999972e-02
8.022717499999999780e-02
4.334270550000000888e-02
1.864128045000000011e-01
1.299524649999999892e-01
9.796906499999999407e-02
1.033244330000000072e-01
1.120545899999999956e-01
9.158760999999998598e-02
8.094791799999999371e-02
6.587975649999999739e-02
6.265060699999999705e-02
5.732995849999999310e-02
5.517549300000000601e-02
7.564704800000000839e-02
2.298814000000000066e-02
3.654588500000000018e-02
6.048103999999999980e-02
5.383347499999999175e-02
6.849289000000001459e-02
5.133421000000000511e-02
6.501472999999999280e-02
5.402814699999999859e-02
6.512255799999999706e-02
7.475797000000000692e-02
8.006894500000000248e-02
7.867302500000000753e-02
4.988008500000000456e-02
8.776709600000000278e-02
9.943264400000000058e-02
5.157302500000000151e-02
2.957753999999999592e-02
4.047287499999999844e-02
3.813611800000000357e-02
2.721202000000000343e-02
5.681672700000000437e-02
6.052325300000000602e-02
4.577716299999999572e-02
2.767819000000000182e-02
5.009262600000000815e-02
5.307533500000001514e-02
0.000000000000000000e+00
3.237515600000000215e-02
2.129008199999999837e-02
7.332322699999999083e-02
2.880337000000000522e-02
5.713347000000000564e-02
7.406655000000000877e-02
3.863329000000000069e-02
6.159338000000000313e-02
4.225202000000000124e-02
1.181963349999999996e-01
1.107637599999999889e-01
3.372644000000000336e-02
9.994610000000000993e-02
1.032535750000000002e-01
6.802450500000001288e-02
6.260802000000000034e-02
7.514606499999999800e-02
4.393137500000000167e-02
3.584621999999999808e-02
6.077002999999998878e-02
5.289844999999999964e-02
2.583969999999999323e-02
9.687450000000010636e-03
3.311155000000001042e-02
2.903094999999999981e-02
6.102048000000000194e-02
6.296997999999999485e-02
5.339019999999999183e-02
5.113130000000001146e-02
2.432210000000000275e-02
4.967914999999997749e-02
5.555503999999999998e-02
1.040564599999999895e-01
1.132029400000000019e-01
2.531020999999999965e-02
3.935007000000001476e-02
7.480757000000000378e-02
7.121047499999999530e-02
9.562347500000001332e-02
7.473350000000000826e-02
8.497180000000000011e-02
5.001462499999998618e-02
6.261792500000001871e-02
8.284915000000001029e-02
2.217130000000002571e-02
2.555224999999998123e-02
1.518017999999999867e-01
7.375739999999995911e-02
3.252294999999993941e-02
5.182394999999999363e-02
3.232285000000000019e-02
4.488304999999999378e-02
5.412469999999997700e-02
3.574529999999999375e-02
5.771270000000000566e-02
5.803935000000001732e-02
3.317135000000000222e-02
2.384199999999999514e-02
3.987770000000000897e-02
4.943465000000003134e-02
3.889819999999999389e-02
7.512005000000003541e-02
1.529810000000002626e-02
5.079850000000002419e-02
7.166599999999999360e-02
4.170380000000002696e-02
1.522698499999999844e-01
6.921229999999999050e-02
9.720515000000005956e-02
4.196844999999999742e-02
1.016119500000000203e-01
1.046086500000000807e-01
1.144792500000000601e-01
9.348045000000004823e-02
6.025854999999998018e-02
6.219714999999998578e-02
4.028015000000000068e-02
3.138719999999999705e-02
1.031749999999999751e-01
1.422329000000000232e-01
4.267494999999998234e-02
9.135514999999998220e-02
9.170799999999997010e-02
5.365880000000000649e-02
3.278380000000002265e-02
3.837610000000001020e-02
6.707795000000005281e-02
9.710509999999998587e-02
9.193174999999992325e-02
8.113369999999996141e-02
6.539060000000002093e-02
8.150650000000002338e-02
4.923855000000002674e-02
1.157662999999999470e-01
8.580909999999995763e-02
5.793260000000001464e-02
6.137699999999998712e-02
8.434129999999998017e-02
7.519624999999999226e-02
5.936909999999995247e-02
7.678975000000003159e-02
6.099729999999994878e-02
3.770859999999998102e-02
4.958155000000002977e-02
9.674040000000000417e-02
1.191055500000000322e-01
6.012720000000004034e-02
5.406204999999995181e-02
6.623864999999995451e-02
5.530339999999997480e-02
9.528754999999995701e-02
9.355515000000005910e-02
1.444172000000000233e-01
8.339908499999995617e-02
8.351188500000006343e-02
3.864014950000005388e-02
1.337540895000000341e-01
6.463821000000007089e-02
4.356990000000005719e-02
1.291857900000000225e-01
2.068452500000010283e-02
1.204225650000001202e-01
6.407960000000002820e-02
7.446139999999999703e-02
7.576434999999998032e-02
6.610910000000004560e-02
4.932359999999998135e-02
8.622649999999998371e-02
3.349605000000012434e-02
9.240405000000001534e-02
7.546800000000014608e-02
2.036844500000001279e-01
6.004049999999997583e-02
6.525900000000001144e-02
1.100003000000001341e-01
6.529480000000009721e-02
