FramewiseDisplacement
9.186779999999997171e-02
1.014804100000000209e-01
3.902354000000004403e-02
3.388434999999996589e-02
5.471640000000003307e-02
3.345660000000001688e-02
7.658810000000002005e-02
5.567545999999999606e-02
7.263975999999994215e-02
1.016685000000000505e-01
6.902410000000000490e-02
1.286757900000000399e-01
6.591299000000006014e-02
6.810220000000000162e-02
1.120510000000000395e-01
5.457109999999999045e-02
2.782119999999999385e-02
9.994910000000002681e-02
7.580960000000003252e-02
7.378129999999999411e-02
9.904429999999994627e-02
8.890214999999997147e-02
6.409207000000007037e-02
7.426838000000002271e-02
7.567484999999996020e-02
7.517718999999993545e-02
6.502892800000001361e-02
7.410973200000003924e-02
1.053137000000000378e-01
1.258144600000000723e-01
7.309710000000002594e-02
7.031099500000000113e-02
1.074622349999999754e-01
1.159145999999999788e-01
5.288455000000003015e-02
1.323873499999999870e-01
4.932469999999997134e-02
8.033339999999998537e-02
2.915187000000000334e-02
1.129095299999999941e-01
1.065034600000000498e-01
5.953833999999996046e-02
9.483827000000000229e-02
1.435548200000000274e-01
8.033852000000002436e-02
6.693457999999999353e-02
8.121935999999996270e-02
6.287558000000004199e-02
5.686231999999996622e-02
4.893076000000004533e-02
7.031915000000002469e-02
2.121150500000000827e-01
3.006423500000000026e-01
3.534201600000000387e-01
1.335451599999999961e-01
1.678923000000000776e-01
9.456789999999998253e-02
1.115349999999999953e-01
7.652090000000003056e-02
5.924960000000002724e-02
7.549366000000001797e-02
7.356453999999999771e-02
6.137797999999995008e-02
1.213641800000000159e-01
1.533248500000000125e-01
7.536475000000006363e-02
1.191307999999999812e-01
9.934875000000001344e-02
8.267950000000003075e-02
1.750645200000000012e-01
6.280397000000001451e-02
6.002989999999998327e-02
5.177614999999999301e-02
6.986904999999998811e-02
4.055850000000001121e-02
4.989550000000001623e-02
9.580465000000000508e-02
7.956649999999998446e-02
5.508609999999995732e-02
6.845979999999998733e-02
3.783354999999996582e-02
5.502009999999999540e-02
4.811589999999997536e-02
8.058440000000004211e-02
4.831399999999999584e-02
4.435920000000003610e-02
3.897025000000000489e-02
7.096843999999999375e-02
4.196820000000001799e-02
7.453279999999998240e-02
7.791364999999997321e-02
6.956310000000000271e-02
2.963335000000003050e-02
6.411424999999999763e-02
4.408131999999999329e-02
9.330246000000000373e-02
6.446134999999998672e-02
9.120793500000001774e-02
1.408109849999999996e-01
1.828458000000000028e-01
6.881889999999998841e-02
2.172455999999999832e-01
1.430066999999999866e-01
1.716967999999999828e-01
1.790019999999999112e-02
5.322290000000001048e-02
3.738094999999996143e-02
4.723140499999999714e-02
6.428584500000000812e-02
5.760625000000001161e-02
1.129078000000000165e-01
8.285274999999998891e-02
3.642184999999999867e-02
6.956165000000000265e-02
8.832814999999999417e-02
3.633600449999999649e-01
1.752351249999999916e-01
1.879320399999999947e-01
6.613365999999998301e-02
7.400188500000000336e-02
7.683675499999997882e-02
7.545805999999997959e-02
9.172370000000000523e-02
7.003125000000003098e-02
9.326760000000000606e-02
5.114035000000000108e-02
4.248140000000000943e-02
8.078279999999998795e-02
4.919362000000000040e-02
6.295520999999998368e-02
5.082073000000001534e-02
5.346798999999999996e-02
5.684510000000001645e-02
8.802569000000001753e-02
6.786596000000001683e-02
1.053731597999999769e-01
7.530379520000003712e-02
1.732002450000000304e-01
1.102720999999999840e-01
5.733453499999999203e-02
9.030372500000001523e-02
9.258188499999998877e-02
7.171952500000000619e-02
1.898460499999999884e-01
5.921545699999999912e-02
8.840559200000000506e-02
1.117286150000000033e-01
1.497570999999999763e-01
7.880071000000000991e-02
9.074039000000000410e-02
1.957798999999999789e-01
7.208650000000001168e-02
1.149861500000000369e-01
7.995449999999998392e-02
1.480035099999999770e-01
1.091273759999999982e-01
1.172847659999999986e-01
1.383744300000000205e-01
2.138789800000000518e-01
7.730148000000000574e-02
6.186946000000002194e-02
9.213815000000004363e-02
3.395630499999999774e-01
2.233200500000000199e-01
6.233972000000002900e-02
1.011950250000000079e-01
2.515554799999999980e-02
1.392780670000000054e-01
1.021508300000000119e-01
6.270425900000001218e-02
7.498404100000000128e-02
1.064536169999999865e-01
5.292423300000000108e-02
7.111415000000000097e-02
8.043603999999998644e-02
6.442828999999999917e-02
5.204310000000000880e-02
4.792470000000000063e-02
6.411175000000000901e-02
5.509234999999999827e-02
9.467356999999999856e-02
8.975787999999998434e-02
1.475038000000000182e-01
1.052994000000000152e-01
9.377265500000001031e-02
1.741723450000000062e-01
1.687168000000000001e-01
1.827761290000000094e-01
6.500117900000004778e-02
1.867805399999999949e-01
1.627800500000000372e-01
9.129744999999994670e-02
5.615575000000006672e-02
5.882955000000000129e-02
8.946325000000002192e-02
8.540244999999999087e-02
7.372905000000003206e-02
4.063894499999995413e-02
6.424550500000000830e-02
6.613615999999997164e-02
1.933394999999998864e-02
9.058629999999999460e-02
5.140715849999996645e-02
4.860740350000002791e-02
5.827086999999997463e-02
4.942397299999999605e-02
5.113920800000003319e-02
5.150995000000001267e-02
3.391639999999999239e-02
2.494407000000001956e-02
4.195042000000001603e-02
5.391944999999997296e-02
3.061929999999998125e-02
4.468384999999996943e-02
4.464649999999999869e-02
3.461957500000001353e-02
3.139142500000002139e-02
9.481704999999999994e-02
4.159000000000001585e-02
1.472394000000000203e-01
1.582104099999999680e-01
6.546766000000003860e-02
1.634171000000000373e-01
2.368403999999999787e-01
9.039314499999998032e-02
6.802475500000004782e-02
1.063000499999999515e-01
9.996020000000001293e-02
9.643024999999993963e-02
1.531310000000000171e-01
7.419214999999998450e-02
5.204430999999999363e-01
2.103029999999999622e-01
2.048402999999999474e-01
2.195564999999999878e-01
9.289350000000000385e-02
1.227208999999999245e-01
9.944980000000000486e-02
7.183350000000006397e-02
1.280376000000000014e-01
4.744579999999998243e-02
1.168329000000000450e-01
6.459674999999996670e-02
7.888394000000001349e-02
8.743904000000002341e-02
6.179779999999999995e-02
3.121849999999991992e-02
5.252935000000001631e-02
1.069776850000000029e-01
3.601641499999995444e-02
6.222104999999997221e-02
1.253313499999999525e-01
7.638235000000002939e-02
6.472932000000000685e-02
5.367621999999998283e-02
9.668745000000000811e-02
2.858940500000000107e-01
1.946992499999999904e-01
6.567715000000000358e-02
8.072340000000004234e-02
1.211078999999999906e-01
5.291560000000002789e-02
6.149510000000001086e-02
7.493954999999997979e-02
5.528109999999999968e-02
5.177003499999999203e-02
6.859203499999999565e-02
5.163440000000002472e-02
9.651719999999999744e-02
1.343519499999999700e-01
1.708224999999999882e-01
1.818300000000000818e-02
5.638365000000005595e-02
5.982554999999997736e-02
7.360295000000000032e-02
1.265704499999999733e-01
5.575074500000001820e-02
9.009926000000000046e-02
5.480690999999997953e-02
4.751732500000001996e-02
1.948126000000001065e-02
4.936171999999998394e-02
2.192434499999998399e-02
6.060356499999999813e-02
4.414896499999998447e-02
2.642400500000001082e-02
3.585022999999997600e-02
4.264339999999998410e-02
4.077471000000000567e-02
