FramewiseDisplacement
2.653888950000000274e-02
1.112393428000000017e-01
6.157171000000000866e-02
3.744350929999999689e-02
8.075537989999997945e-02
5.759718049999998368e-02
4.593780699999999717e-02
7.276557810000001958e-02
6.901091638000000916e-02
6.758354362000000559e-02
3.795249660000000330e-02
4.749918370000000278e-02
5.938875289999999418e-02
4.521157050000000621e-02
7.889569949999999943e-02
2.678137760000000311e-02
5.865061900000000106e-02
4.374874989999999464e-02
1.269633689999999891e-02
2.921141329999999911e-02
2.129058590000000931e-02
3.290170399999999690e-02
4.033346999999999627e-02
8.052975015999999653e-02
3.418278716000000550e-02
3.319728328999999728e-02
8.039546451000001426e-02
3.631186578000000081e-02
6.818545000000000855e-02
8.374785359999999124e-02
4.574997888000000013e-02
6.428871261999997977e-02
4.796633209999999481e-02
6.499184219999999679e-02
4.956921409999998779e-02
7.485517580000000670e-02
4.074934199999998702e-02
1.885606870000000254e-02
3.461998000000000159e-02
9.023861499999999425e-02
6.141070899999999388e-02
8.068150150000000242e-02
1.053703304999999979e-01
3.057908670000000079e-02
3.815982609999999525e-02
6.140024060000000977e-02
6.494131380000001119e-02
7.692677509999999719e-02
5.846757130000000691e-02
7.677233059999999387e-02
1.154516894000000016e-01
6.621542500000000830e-02
8.227969999999994177e-03
3.340242099999999464e-02
4.073420859999999505e-02
7.442941760000000573e-02
1.150959149999999931e-01
5.501685000000000603e-02
3.801377100000000869e-02
7.224884100000000808e-02
6.484216649999999249e-02
4.586257649999999492e-02
4.001122000000000706e-02
6.705627000000000115e-02
6.464921000000001250e-02
3.951297000000000142e-02
2.355148000000000658e-02
3.722307999999999173e-02
6.316352900000000992e-02
6.808004100000000780e-02
9.326715530000000143e-02
7.198669620000001934e-02
4.995040690000000783e-02
5.822862200000000765e-02
4.132923999999999626e-02
3.898982000000000836e-02
7.139407000000001779e-02
6.653271999999998965e-02
7.663662000000000252e-02
3.757954999999999629e-02
7.532937000000000660e-02
1.117822739999999870e-01
5.490915599999999369e-02
5.977000000000000368e-02
1.074519200000000063e-01
5.622438000000001823e-02
4.767702000000000745e-02
5.966777999999999665e-02
9.594394000000000533e-02
3.547902999999999474e-02
4.411231999999999653e-02
1.515839999999999896e-02
1.170288399999999951e-01
5.099060299999999546e-02
4.471984819999999528e-02
4.633327480000000442e-02
7.539452999999998739e-02
5.697235999999999967e-02
1.914982000000000142e-02
1.067299000000000025e-01
1.977953999999999823e-01
1.835938750000000175e-01
1.280588649999999939e-01
7.527839000000000058e-02
7.956404999999999728e-02
4.510239000000000609e-02
2.664736999999998968e-02
4.079792000000000141e-02
6.469848000000000265e-02
6.827323999999999893e-02
7.464042900000000813e-02
1.132149889999999881e-01
8.540991999999998641e-02
7.963164000000000353e-02
8.066478919999998942e-02
7.595225080000000961e-02
6.124493699999999929e-02
1.006359870000000101e-01
7.539627000000001522e-02
4.466355000000000325e-02
8.485196000000000405e-02
6.525654999999999650e-02
3.245585000000000137e-02
6.487053500000000694e-02
6.305331499999999867e-02
2.763781700000000202e-02
8.338010299999999708e-02
5.674838000000000104e-02
5.022975500000000093e-02
6.387234499999999704e-02
5.079612399999999112e-02
4.685011600000001109e-02
8.397504000000000079e-02
2.950751999999999889e-02
6.358360299999998855e-02
7.672977699999999901e-02
4.487195399999999862e-02
4.474135199999999812e-02
6.089667200000000585e-02
8.303613499999999703e-02
4.156451499999999633e-02
7.497276999999999414e-02
4.214028199999999419e-02
5.859013799999999994e-02
1.040820599999999901e-01
6.049348500000000656e-02
3.376911499999998845e-02
2.900539200000000484e-02
4.528317199999999654e-02
3.415822000000000302e-02
4.762546350000000650e-02
7.287632350000000647e-02
3.073475499999999555e-02
3.751224499999999962e-02
2.660548500000000510e-02
3.187814999999999399e-02
3.899644349999999843e-02
4.324822849999999941e-02
3.522723499999999563e-02
2.940362000000000531e-02
7.303013500000000990e-02
6.524886000000000574e-02
3.008356499999999961e-02
7.167716500000000102e-02
5.341062000000001281e-02
6.897680999999999951e-02
3.247882500000000283e-02
7.868646499999999711e-02
8.003379000000000743e-02
3.673284999999999745e-02
9.019738999999998841e-02
6.274374999999998703e-02
4.678597999999999785e-02
5.018054500000000001e-02
7.369789499999999938e-02
1.762124499999999719e-02
5.480198000000000014e-02
8.877675499999998499e-02
2.292112000000000316e-02
5.761592000000000102e-02
7.128015999999999519e-02
3.895880999999999650e-02
4.108689999999999565e-02
6.377278999999999587e-02
3.121235999999999802e-02
4.701076900000000086e-02
4.715221900000000216e-02
3.645709500000000186e-02
5.284157000000000437e-02
7.670960300000000121e-02
2.421852800000000652e-02
4.351283000000000234e-02
1.630739999999999273e-02
7.479998000000000202e-02
5.178356350000000441e-02
1.555676850000000180e-02
9.170486999999999389e-02
5.859432500000000266e-02
2.236421040000000082e-01
7.151040100000001509e-02
4.458896999999999861e-02
7.214195400000000813e-02
8.650496000000000574e-03
4.393573000000000617e-02
5.618748999999999966e-02
1.177567499999999934e-02
4.592604900000001045e-02
5.072511100000000328e-02
3.587476999999999333e-02
6.624849000000000709e-02
7.081634000000000539e-02
5.163920000000000315e-02
2.904614999999999975e-02
5.104825499999998684e-02
8.332659099999999153e-02
9.844076599999998511e-02
7.000233999999999623e-02
4.053420000000000634e-02
5.247664000000000495e-02
5.922565000000001162e-02
1.141942700000000005e-01
5.240345000000000419e-02
3.247644000000000225e-02
8.456165300000001439e-02
8.055137699999999346e-02
6.203295999999999810e-02
7.425018000000001284e-02
5.155026000000000747e-02
3.440353999999999635e-02
7.960746000000001876e-02
7.839164000000001242e-02
1.155665820000000149e-01
5.314431799999999595e-02
2.989989000000000535e-02
5.579113000000001515e-02
7.741924000000001416e-02
1.600230000000000055e-02
3.847625000000000350e-02
1.539367000000000096e-01
7.635589999999997657e-02
6.355935000000000057e-02
5.680893999999999527e-02
6.606936999999998839e-02
5.837176999999999644e-02
7.023106000000001181e-02
1.040515450000000092e-01
9.649383500000001390e-02
4.770090000000000441e-02
6.744700650000000353e-02
4.953405850000000554e-02
4.706170999999999272e-02
6.904996499999997706e-02
6.728484999999999328e-02
1.744532899999999900e-02
7.325517099999999393e-02
7.135566999999999604e-02
3.389400000000000052e-02
5.941690999999998946e-02
4.504472999999999810e-02
1.356627000000000527e-02
5.730521999999999699e-02
6.877142999999999451e-02
2.997049999999999714e-02
3.905418000000000778e-02
5.286782999999999066e-02
4.383492800000000217e-02
5.985565699999999267e-02
1.076118949999999852e-01
4.750410000000002131e-02
5.350024999999999226e-02
7.096740000000001380e-02
7.107313800000000792e-02
6.082783800000000907e-02
4.408944999999998837e-02
6.911664999999998782e-02
6.813079999999999137e-02
5.003737999999999936e-02
1.227698800000000257e-01
1.153994999999999882e-01
1.008535999999999877e-01
6.518785000000001939e-02
3.992695000000000966e-02
9.274745000000000905e-02
3.326974999999999377e-02
8.984660000000001256e-02
1.182103999999999933e-01
8.865984999999997063e-02
5.823714999999998754e-02
4.680223999999999496e-02
