FramewiseDisplacement
3.409899999999999737e-02
1.897544999999998400e-02
4.289075000000001914e-02
5.280685000000000934e-02
4.090965000000001267e-02
5.758635000000001530e-02
4.649814999999996729e-02
3.528619999999998286e-02
3.636264999999998249e-02
4.270264999999995315e-02
4.590869999999998979e-02
3.934174999999997396e-02
2.700564999999997481e-02
4.468360000000001081e-02
7.208454999999998336e-02
5.697105000000000918e-02
4.989649999999996172e-02
4.165554999999995789e-02
4.764605000000004392e-02
4.827449999999995633e-02
6.038579999999998948e-02
3.956909999999998206e-02
7.488670000000000049e-02
3.278135000000001464e-02
6.010900000000003046e-02
4.032290000000000180e-02
7.945214999999998529e-02
3.333814999999996920e-02
4.515844999999996806e-02
6.330004999999999660e-02
4.716265000000000041e-02
2.866925000000002111e-02
6.141685000000002281e-02
6.031585000000001806e-02
4.259335000000003674e-02
5.962100000000000732e-02
4.594310000000000060e-02
3.299369999999999387e-02
6.974689999999998669e-02
1.834874999999999354e-02
4.010744999999999588e-02
4.818309999999999954e-02
5.214115000000001804e-02
5.404664999999999470e-02
2.578645000000000242e-02
3.264645000000002129e-02
5.180239999999999151e-02
4.349385000000000751e-02
1.680579999999998880e-02
1.752875000000000960e-02
4.244875000000000731e-02
4.144534999999999192e-02
5.209570000000000867e-02
5.891969999999999152e-02
5.021395000000000025e-02
2.133814999999999323e-02
3.416430000000000161e-02
3.888099999999998502e-02
4.830730000000000440e-02
5.175329999999999514e-02
1.836330000000000601e-02
2.638480000000001033e-02
3.151394999999999197e-02
3.990890000000000409e-02
5.969925000000000925e-02
5.450374999999998971e-02
4.973580000000000362e-02
5.631020000000000469e-02
4.879868000000000400e-02
4.378707999999999906e-02
3.812478500000001519e-02
5.228963500000000098e-02
2.355794999999999417e-02
4.804659999999999487e-02
4.744420000000000581e-02
3.440843500000000804e-02
3.857903000000000027e-02
2.256380000000001232e-02
2.193079999999999682e-02
3.174685000000000007e-02
5.836856500000001113e-02
3.083926499999999765e-02
1.754949999999999566e-02
3.208125000000000560e-02
5.590275000000000105e-02
6.260826499999999628e-02
1.948095000000000035e-02
4.969861500000000154e-02
6.409441500000001568e-02
7.069570000000001408e-02
3.514369999999999300e-02
5.073679999999999857e-02
1.409023849999999911e-01
8.292602999999998392e-02
6.429850500000000579e-02
5.325296499999999933e-02
2.745178500000000979e-02
4.167433000000000942e-02
2.934802499999999981e-02
2.088760500000000353e-02
3.719488499999999698e-02
3.937949999999999090e-02
3.219702499999999717e-02
3.177685499999999968e-02
4.155715000000000103e-02
5.839976499999999238e-02
4.023360500000000561e-02
2.170070999999999806e-02
3.172291999999999473e-02
2.552117999999999748e-02
2.838175500000000503e-02
4.345417499999999766e-02
3.296068500000000345e-02
5.059500499999999151e-02
6.514319999999999833e-02
5.903254499999999877e-02
3.650769499999999973e-02
2.631510000000000099e-02
3.079256000000000354e-02
2.630603000000000108e-02
3.115728000000000247e-02
5.262419499999999861e-02
1.657450000000000416e-03
3.263228999999999436e-02
3.315585000000000060e-02
4.259202499999999864e-02
4.974127999999999883e-02
2.167026499999999758e-02
3.637978500000000476e-02
2.905015000000000375e-02
3.195411999999999558e-02
3.237106000000000011e-02
2.969347500000000042e-02
4.105403750000000129e-02
4.274847249999999543e-02
3.165615999999999569e-02
2.308165649999999874e-02
1.354793650000000148e-02
2.621131000000000155e-02
3.001383000000000176e-02
3.173498500000000028e-02
3.805153999999999481e-02
3.135110499999999717e-02
3.737094500000000263e-02
2.342385200000000195e-02
4.065322000000000380e-02
4.723135199999999728e-02
4.858187199999999817e-02
6.551054800000000178e-02
1.288893000000000157e-02
6.632772800000000246e-02
1.637147699999999539e-02
2.598945300000000264e-02
4.221084799999999526e-02
5.532696600000000520e-02
3.868222600000000011e-02
3.376851000000000158e-02
1.936871999999999899e-02
5.167606999999999756e-02
7.131601000000001300e-02
5.285400999999999988e-02
2.054541999999999480e-02
3.794092000000000298e-02
3.504339000000000065e-02
3.086594999999999617e-02
3.336734999999999701e-02
6.621623000000000092e-02
3.329790000000000527e-02
4.974852999999999914e-02
3.467583700000000796e-02
5.651023299999999999e-02
7.127789999999999127e-02
3.576071000000000111e-02
6.457394999999999108e-02
4.094903800000000010e-02
3.175065199999999727e-02
6.002137999999999918e-02
1.686340000000000061e-02
5.931082800000000294e-02
3.943687799999999466e-02
2.679326000000000277e-02
2.944778699999999957e-02
5.864114000000000826e-02
2.795081300000000837e-02
1.659950999999999788e-02
6.147545000000000787e-02
4.788135999999999781e-02
3.531959000000000487e-02
3.820697999999999456e-02
3.753355000000000580e-02
1.917482099999999814e-02
3.343257900000000393e-02
5.244056000000000411e-02
2.159079000000000206e-02
3.609666999999999737e-02
5.001580000000000609e-02
5.294117999999999741e-02
1.185481999999999855e-02
3.093834999999999988e-02
2.900154999999999747e-02
2.790418000000000065e-02
4.685679999999999013e-02
5.618797999999999848e-02
4.378765999999999908e-02
3.265894000000001129e-02
6.519989000000001034e-02
1.152960600000000058e-01
6.515802000000001093e-02
6.472746999999999529e-02
3.268292999999999893e-02
3.737971000000000349e-02
5.544066000000000272e-02
3.867905000000001342e-02
2.657384599999998778e-02
1.660605600000000445e-02
5.568300000000000333e-02
4.900084000000000384e-02
2.817020999999999761e-02
3.476431000000000660e-02
5.560203799999999252e-02
4.235952199999998974e-02
2.717328000000000798e-02
6.079355600000000553e-02
7.584540399999997740e-02
4.066194999999998838e-02
2.903539999999999940e-02
5.243195999999998580e-02
5.783920999999998813e-02
4.443813999999999403e-02
5.928291999999999590e-02
4.357771999999998647e-02
4.621210000000000595e-02
1.432018799999999585e-02
4.882662200000000008e-02
5.660471600000000630e-02
5.387322000000000638e-02
3.831256499999999288e-02
7.362058499999998840e-02
7.855141999999999680e-02
4.635703000000000740e-02
6.704919999999998936e-02
6.263954999999998829e-02
6.508968000000001086e-02
4.946122000000000712e-02
4.946900000000000602e-02
8.095950000000000368e-02
4.298849999999999894e-02
2.286225000000000757e-02
2.575104999999999061e-02
3.621754000000000639e-02
7.346335999999999145e-02
6.961662999999999879e-02
8.997025000000001549e-02
3.305738000000000426e-02
7.211099999999999455e-02
6.794234999999999858e-02
9.240909999999999402e-02
1.033989499999999895e-01
1.009189000000000197e-01
8.986840000000001494e-02
3.649972999999999412e-02
2.553742999999998597e-02
6.732726999999999462e-02
5.348042000000001461e-02
7.170215000000000616e-02
3.437729999999999952e-02
1.050838000000000050e-01
5.623359999999997388e-02
4.396049999999999958e-02
4.508959999999999357e-02
5.518419999999997494e-02
6.900823999999998459e-02
4.825370999999998439e-02
5.792902999999998553e-02
8.110720000000000429e-02
7.372850000000000237e-02
4.890120000000001271e-02
4.689199999999999618e-02
6.269299999999998485e-02
3.641600000000000392e-02
6.397092999999999530e-02
5.433173000000002251e-02
5.423270000000000868e-02
2.166170000000000595e-02
7.765660000000002006e-02
5.261530000000000373e-02
7.689370000000000926e-02
5.515249999999999320e-02
3.476550000000002555e-02
