FramewiseDisplacement
6.051400000000001222e-02
1.105519999999999420e-01
9.916649999999997689e-02
1.042470000000000480e-01
1.128344999999999626e-01
1.295895000000000519e-01
1.214350000000000152e-01
1.255780000000000507e-01
1.086864999999999776e-01
1.500910000000000299e-01
9.316850000000001519e-02
1.842575000000000462e-01
9.837850000000004924e-02
2.153435000000000488e-01
1.569069999999999632e-01
9.493900000000003725e-02
1.066230000000000094e-01
9.525449999999999195e-02
6.156749999999999029e-02
5.947700000000005066e-02
1.785619999999999985e-01
9.100500000000000256e-02
1.595349999999999824e-01
1.897665000000000046e-01
1.029014999999999652e-01
7.835749999999998272e-02
3.985299999999998566e-02
1.197583000000000675e-01
9.957530000000000547e-02
9.448649999999995941e-02
4.903699999999996950e-02
4.122600000000001264e-02
6.699904999999994892e-02
7.062599500000006636e-02
8.038309500000001551e-02
8.678575000000000872e-02
8.973555000000001114e-02
2.451436499999999907e-01
1.585370000000000112e-01
6.928499999999995773e-02
4.744679999999996955e-02
8.572025000000001171e-02
5.383274999999999866e-02
4.425980000000000886e-02
8.495499999999998886e-02
8.596760000000000512e-02
7.627280000000002946e-02
3.672199999999996994e-02
6.740049999999996044e-02
9.205629999999997981e-02
2.123473000000000166e-01
2.149009000000000336e-01
8.840080000000000160e-02
1.098216500000000068e-01
1.453210000000000057e-01
6.603414999999995816e-02
7.023115000000000607e-02
6.278960000000001485e-02
3.926940000000003761e-02
1.205038999999999971e-01
1.436437499999999590e-01
9.194895000000000151e-02
8.917814999999996994e-02
6.874655000000001737e-02
7.659037499999998833e-02
1.389229750000000041e-01
1.370830999999999855e-01
8.110405000000002473e-02
5.394434999999998814e-02
9.866939999999999045e-02
4.628524000000002608e-02
6.935994000000000881e-02
9.110530000000001405e-02
4.565540000000000570e-02
7.429705000000001724e-02
1.659173500000000190e-01
1.273856299999999997e-01
2.752148000000001482e-02
3.833469999999999239e-02
7.656800000000001105e-02
1.714832500000000315e-01
2.004101500000000369e-01
1.822260500000000005e-01
1.077193499999999915e-01
3.301851000000000647e-01
1.821505000000000207e-01
1.640624499999999986e-01
2.032155999999999685e-01
1.587350999999999901e-01
2.030297499999999811e-01
1.966833000000000053e-01
5.265840000000000104e-02
2.947740999999999834e-01
1.792930100000000304e-01
1.511780030000000052e-01
9.655719299999998562e-02
1.948415699999999640e-01
1.040847150000000082e-01
1.439302249999999950e-01
1.807520579999999932e-01
6.924910800000000366e-02
2.885285600000000658e-02
1.512706799999999907e-01
1.569952000000000014e-01
6.860684999999999700e-02
5.219909999999999828e-02
1.306815399999999849e-01
2.260409399999999958e-01
7.679454999999998921e-02
7.573809500000001915e-02
7.999492999999997800e-02
1.031097699999999895e-01
6.086655999999998623e-02
7.616284950000000442e-02
6.440790050000000377e-02
7.872334500000000013e-02
6.101561000000001178e-02
1.270857499999999973e-01
6.352582999999999147e-02
6.049674499999999067e-02
4.633960499999999205e-02
7.842911000000001021e-02
8.249098000000000541e-02
1.063496799999999881e-01
1.121098000000000094e-01
1.507928099999999716e-01
2.532045149999999634e-01
2.545770400000000877e-01
9.936049500000003476e-02
6.892435500000002047e-02
1.243068024999999938e-01
1.986421124999999954e-01
1.461357550000000061e-01
5.253904000000000213e-02
9.094768999999998382e-02
5.427702999999999695e-02
5.324947499999999057e-02
8.001663050000000499e-02
5.178112950000000186e-02
8.973660099999999917e-02
1.243516789999999927e-01
7.368746099999999577e-02
6.864692099999999964e-02
1.494015190000000104e-01
1.164285300000000023e-01
9.754453399999998831e-02
2.545413830000000099e-01
1.726659029999999817e-01
1.207706850000000026e-01
5.353573500000000096e-02
5.530810999999998673e-02
1.087051249999999858e-01
1.263341850000000155e-01
1.517040179999999960e-01
1.466182019999999753e-01
1.743151800000000140e-01
1.875644479999999947e-01
1.370615599999999989e-01
2.416290720000000003e-01
3.922427419999999776e-01
2.041789219999999849e-01
5.788292999999999217e-02
9.077817499999998874e-02
1.148566249999999900e-01
2.171950899999999796e-01
9.474682999999999022e-02
2.142991699999999833e-01
1.223385300000000009e-01
1.002832099999999976e-01
6.574554000000000509e-02
9.562060000000000004e-02
9.461518999999998791e-02
1.127667200000000008e-01
2.206453649999999822e-01
1.073406050000000056e-01
2.016624699999999826e-01
1.193449199999999794e-01
1.259928649999999817e-01
8.680929500000000854e-02
1.759825399999999929e-01
6.684750999999999888e-02
1.358942699999999559e-01
1.177636270000000096e-01
2.228281470000000319e-01
1.104206499999999813e-01
8.679999500000000479e-02
1.539923300000000383e-01
1.173380749999999861e-01
1.924134499999999859e-01
1.956417500000000032e-01
1.980064999999999742e-01
1.417559550000000168e-01
1.861162550000000082e-01
7.099259999999998905e-02
1.717737000000000014e-01
2.204509999999999803e-01
1.870790650000000166e-01
2.516167950000000042e-01
2.445508300000000246e-01
2.207736000000000143e-01
1.914567499999999811e-01
1.671124500000000235e-01
1.131507499999999944e-01
8.267025000000000068e-02
1.142174999999999996e-01
7.738114999999999577e-02
1.237605499999999831e-01
1.275120999999999893e-01
1.109719200000000017e-01
6.500748000000000637e-02
5.435120000000001617e-02
1.530097399999999774e-01
1.732346499999999900e-01
1.238708999999999782e-01
9.817510000000000125e-02
8.410499999999998533e-02
6.922649999999999637e-02
1.966826429999999903e-01
1.813188330000000126e-01
6.959267999999999010e-02
1.777202099999999618e-01
8.249966999999998329e-02
9.636102000000000556e-02
1.026257799999999859e-01
2.015838499999999811e-01
2.564945599999999826e-01
1.036917400000000045e-01
1.160411500000000096e-01
1.454971600000000143e-01
1.436676299999999906e-01
1.029737299999999994e-01
9.210463000000000677e-02
2.617918499999999371e-01
2.378464899999999660e-01
8.770938000000000345e-02
1.251708199999999882e-01
8.523433999999999178e-02
1.043118450000000003e-01
7.406761500000000331e-02
9.856130000000000446e-02
2.437564200000000014e-01
2.022022599999999948e-01
8.519947999999999411e-02
2.403523399999999977e-01
1.744294100000000070e-01
1.534753899999999893e-01
2.252412499999999762e-01
1.606181200000000031e-01
1.317305199999999898e-01
6.770297000000000121e-02
1.533707599999999949e-01
2.127378099999999717e-01
1.700214899999999696e-01
1.191776800000000081e-01
1.100562000000000068e-01
2.139122099999999915e-01
2.484756399999999976e-01
1.965183699999999978e-01
1.380530000000000090e-01
2.010126000000000412e-01
1.595419800000000277e-01
2.034712399999999977e-01
1.662291399999999975e-01
1.117263899999999949e-01
1.923977400000000393e-01
2.974422799999999478e-01
2.185414899999999772e-01
1.055555400000000033e-01
1.413913980000000015e-01
1.266222020000000170e-01
2.266145999999999994e-01
3.117033100000000112e-01
1.099441199999999785e-01
1.944373500000000088e-01
2.455813900000000105e-01
1.296994800000000059e-01
1.528484500000000246e-01
2.300425000000000109e-01
1.771238300000000099e-01
1.520907200000000403e-01
1.048625900000000055e-01
1.058099499999999860e-01
1.662641799999999837e-01
3.842912499999999731e-01
3.012886199999998960e-01
2.717646800000000362e-01
1.817529799999999807e-01
1.111608109999999844e-01
9.850161100000003056e-02
