FramewiseDisplacement
9.147707999999994677e-02
1.953180800000000050e-01
4.871285799999999777e-01
2.175869400000000065e-01
1.163055399999999989e-01
2.534489999999999243e-01
5.525870000000000087e-02
5.607608000000000592e-01
2.591846999999999346e-01
6.202140999999999904e-01
1.600106000000000028e-01
3.391892099999999632e-01
1.570181100000000440e-01
1.076229000000000630e-01
1.508123900000000184e-01
7.813728999999999814e-02
8.137420000000002152e-02
2.986783400000000421e-01
2.412857299999999205e-01
2.148507100000000558e-01
2.591815000000000091e-01
9.725380000000007075e-02
1.528813000000000533e-01
8.517063000000005268e-02
2.256709700000000263e-01
2.394312000000000107e-01
1.891583000000000014e-01
2.432578000000000795e-01
8.123169999999999003e-02
1.531770000000000076e-01
2.562917000000000112e-01
1.518168000000000017e-01
1.429903999999999897e-01
1.716132500000000227e-01
2.263586000000000209e-01
1.381649600000000311e-01
1.372521600000000119e-01
1.277737999999999929e-01
1.242456600000000494e-01
1.202471099999999904e-01
8.684520000000002515e-02
1.989133500000000165e-01
9.581565000000000221e-02
1.883540199999999831e-01
2.405619800000000086e-01
1.897872499999999907e-01
1.146119000000000027e-01
1.514594500000000232e-01
1.266565200000000224e-01
1.413866800000000146e-01
9.460240000000003091e-02
2.299975999999999687e-01
1.940980999999999956e-01
1.918780999999999959e-01
5.191461999999998772e-02
9.861306999999999712e-02
9.108447199999995803e-02
9.713012199999999929e-02
1.760071500000000289e-01
6.925865000000003269e-02
6.930235000000001255e-02
6.186829999999999413e-02
1.095976199999999928e-01
6.895747000000000682e-02
5.187730000000000119e-02
1.402480000000000115e-01
7.808311999999999198e-02
5.875811999999997620e-02
1.624003499999999711e-01
1.934575600000000284e-01
3.187464099999999800e-01
1.197488849999999994e-01
5.596947500000001852e-02
1.070011500000000032e-01
1.045437000000000172e-01
1.622807500000000014e-01
1.266555099999999712e-01
1.635061000000000153e-01
1.437016399999999916e-01
1.003426400000000107e-01
2.910352500000000231e-01
1.679877499999999912e-01
5.835742000000000013e-02
1.472022799999999632e-01
2.325982149999999693e-01
1.913481650000000145e-01
7.644262199999998786e-02
1.318176620000000021e-01
9.878390999999997479e-02
2.048544799999999777e-01
2.213428699999999971e-01
1.776285299999999512e-01
1.866638199999999803e-01
1.980705829999999668e-01
1.282028970000000101e-01
1.590323399999999665e-01
1.480877999999999639e-01
2.335987000000000202e-01
1.973283000000000120e-01
1.670139500000000221e-01
1.202874300000000146e-01
1.117869800000000219e-01
8.803910000000000902e-02
1.278612299999999924e-01
6.664920000000001954e-02
4.668739999999999002e-02
6.937909999999999910e-02
5.672637999999999292e-02
1.243220999999999771e-01
1.046667500000000028e-01
1.398019400000000134e-01
1.496092399999999767e-01
1.688117500000000104e-01
9.585989999999999789e-02
6.705767999999999451e-02
1.369990000000000097e-01
2.341752350000000094e-01
1.945061550000000139e-01
1.345265499999999947e-01
7.092013999999999263e-02
1.011786500000000089e-01
1.600998999999999894e-01
1.614244950000000012e-01
9.562337200000001203e-02
1.206383579999999872e-01
1.510148349999999862e-01
1.785540199999999800e-01
1.672832800000000064e-01
1.598982399999999970e-01
1.474015899999999990e-01
1.383308000000000038e-01
1.105499299999999907e-01
7.974655699999999570e-02
1.443534520000000210e-01
1.929079550000000198e-01
1.812050499999999786e-01
1.072008900000000209e-01
9.024263000000000423e-02
1.110637599999999975e-01
7.374938000000000327e-02
9.857578539999999057e-02
1.437275046000000001e-01
1.172003999999999962e-01
1.082501999999999909e-01
1.558054034999999948e-01
1.723264935000000386e-01
1.606857600000000108e-01
8.166734500000000230e-02
1.642987750000000080e-01
1.137657659999999904e+00
1.038995699999999855e+00
6.755925999999998766e-01
2.212524999999998798e-01
2.576009999999999689e-01
3.400720000000000409e-01
2.093790000000000096e-01
2.084644999999999970e-01
2.186019999999999630e-01
5.089949999999993091e-02
1.361320000000000585e-01
2.451929999999999388e-01
3.445094999999999685e-01
3.351594999999999436e-01
2.098400000000000265e-01
2.723405000000000409e-01
2.878935000000000244e-01
2.504910000000000192e-01
1.947429999999999994e-01
3.008710000000000551e-01
2.381745000000000112e-01
1.366305000000000436e-01
1.235719999999999597e-01
2.242232000000000114e-01
2.680907999999999625e-01
1.843069999999999153e-01
1.125450000000000061e-01
2.192185000000000106e-01
1.831050000000000177e-01
1.161039999999999850e-01
9.578450000000003628e-02
1.926015999999999284e-01
8.397380000000001510e-02
2.519296999999999787e-01
1.854175000000000129e-01
1.132953999999999767e-01
1.084740000000000010e-01
2.542775000000000452e-01
4.739217999999999487e-01
2.377708000000000321e-01
3.412161299999999509e-01
2.384727299999999384e-01
1.922152000000000305e-01
9.659830000000003969e-02
1.246984000000000148e-01
8.708070000000001087e-02
1.266331999999999458e-01
2.088143999999999834e-01
3.015425999999999940e-01
3.880525000000001334e-01
1.882837000000000260e-01
4.477375000000000105e-01
1.752551000000000525e-01
2.974026000000000169e-01
1.500129000000000046e-01
8.460780000000002465e-02
1.115908000000000594e-01
9.670980000000002630e-02
5.360329999999996486e-02
1.989653999999999034e-01
1.868169000000000357e-01
9.797169999999999490e-02
9.477589999999995463e-02
1.348521000000000303e-01
1.967370999999999981e-01
2.481685999999999892e-01
2.222929999999999906e-01
1.832096999999999754e-01
2.159619000000000122e-01
2.010318999999999856e-01
3.219158000000000297e-01
2.050435999999999925e-01
1.676718000000000097e-01
1.818482999999999905e-01
4.138979999999999743e-02
5.346269999999998107e-02
1.062292999999999987e-01
5.625748500000001678e-02
8.706443499999998170e-02
4.406380599999999426e-01
3.304610900000000129e-01
6.588390000000000912e-02
2.010967999999999922e-01
1.154835999999999641e-01
3.967139999999998862e-02
6.986370000000002856e-02
4.815359999999999779e-02
8.599929999999998687e-02
9.408156000000000851e-02
6.461073000000003286e-02
1.509076099999999698e-01
1.761365100000000239e-01
1.348670399999999936e-01
1.482005499999999865e-01
1.430417400000000283e-01
1.193845899999999710e-01
1.442275500000000099e-01
1.877716999999999858e-01
1.429485799999999918e-01
1.898417799999999878e-01
1.712156600000000195e-01
1.173791999999999752e-01
1.924418999999999436e-01
1.534692999999999752e-01
1.036198999999999870e-01
4.838093999999999034e-02
4.896213000000001342e-02
1.750379700000000149e-01
9.881967999999997920e-02
7.354890000000002814e-02
9.760795999999999362e-02
1.576547599999999771e-01
1.736367000000000049e-01
2.182960300000000020e-01
1.659778300000000206e-01
1.117113500000000009e-01
1.004215000000000246e-01
1.370103200000000188e-01
1.479429199999999778e-01
2.339101499999999834e-01
2.059625999999999957e-01
1.529870999999999870e-01
1.663341000000000125e-01
1.780347900000000261e-01
2.993361099999999886e-01
3.420810499999999976e-01
1.249625800000000037e-01
8.685398999999999203e-02
1.510255600000000309e-01
7.142888999999999489e-02
5.184265000000001095e-02
1.990083399999999780e-01
1.274566500000000047e-01
2.058823499999999918e-01
2.110412299999999963e-01
9.955373000000000694e-02
1.752585499999999852e-01
9.036182000000000936e-02
1.240379699999999835e-01
1.884860499999999883e-01
