FramewiseDisplacement
5.179107522999999713e-02
3.012548313999999228e-02
6.983215791000001171e-02
5.307626999999999484e-02
4.696493081000000652e-02
2.713541080999998939e-02
4.869374999999998704e-02
4.545994999999999897e-02
3.868210000000001092e-02
3.315985000000001154e-02
3.658264999999999434e-02
2.674149999999999444e-02
3.539214999999999722e-02
2.097295000000001103e-02
3.997174999999997952e-02
2.523134999999997186e-02
2.987516859999998081e-02
4.867187139999998996e-02
2.520866000000000426e-02
2.091169999999999488e-02
4.157765999999999545e-02
2.584646000000001206e-02
5.005453999999999459e-02
4.755892399999998160e-02
5.690723999999987293e-03
2.424883599999998890e-02
3.939029400000000625e-02
5.164569000000000798e-02
6.359907520000002146e-02
2.109478479999999864e-02
1.530690309999999978e-02
2.258616689999998553e-02
3.684271000000000074e-02
1.760910000000000600e-02
5.568435000000000051e-02
4.913574999999999887e-02
1.745255999999999197e-02
2.889355999999998481e-02
2.800624999999999643e-02
4.266258000000000550e-02
2.783624000000000168e-02
4.090376999999999208e-02
4.999400000000001759e-02
4.028509999999999730e-02
3.586511000000000560e-02
6.050629999999987407e-03
4.317228000000001426e-02
9.261030000000002038e-02
6.964320000000001620e-02
5.573140000000000038e-02
5.819415000000002780e-02
3.773785000000001028e-02
2.118199999999999944e-02
4.362043000000000170e-02
2.326931999999999612e-02
4.545694999999998209e-02
6.463846000000000869e-02
7.438655999999999047e-02
5.106450000000000572e-02
8.929035000000001832e-02
2.877094999999999653e-02
3.514860000000000900e-02
4.985983000000000775e-02
5.880783000000000538e-02
6.494239999999999735e-02
4.690265000000001100e-02
4.605929999999999747e-02
6.267611000000000709e-02
2.520224000000000075e-02
1.013443000000000122e-01
1.058642199999999950e-01
5.642973000000000433e-02
4.044770000000000310e-02
4.646664000000000350e-02
1.161087900000000034e-01
8.278260999999999259e-02
1.512943199999999822e-01
1.022032750000000101e-01
4.833462499999998524e-02
4.664064999999999184e-02
3.549675000000000746e-02
1.439395000000000431e-02
9.651205999999998286e-02
1.430266599999999999e-01
4.387610000000002203e-02
4.500335000000001140e-02
1.277772499999999326e-02
5.361274500000000331e-02
4.803207999999999089e-02
1.831184999999998717e-02
5.228248000000000617e-02
5.124580000000000107e-02
2.941656050000000452e-02
1.441826950000000412e-02
2.023219999999999186e-02
3.437049999999999828e-02
3.346864999999998869e-02
4.937844999999999041e-02
8.054129500000001274e-02
8.328654500000000349e-02
7.681717500000001531e-02
6.768661500000000553e-02
4.830336000000001045e-02
5.641020899999999588e-02
1.495765089999999964e-01
4.802145000000001412e-02
3.844869000000000064e-02
4.317394000000000093e-02
4.553559699999999710e-02
1.437924600000000351e-02
3.254979200000000100e-02
3.312919999999999754e-02
1.073002350000000077e-01
7.789171000000000289e-02
5.342647000000000368e-02
1.291340400000000055e-01
1.134823100000000168e-01
6.061550999999999745e-02
1.110781200000000024e-01
1.055903500000000134e-01
1.505162000000000513e-02
1.428326000000000595e-02
3.905840000000000700e-02
3.363864999999999217e-02
2.358824000000000337e-02
4.753306000000000198e-02
3.041491000000000680e-02
8.424529999999999519e-03
8.736510999999999583e-02
2.912557000000000340e-02
7.145709999999999562e-02
5.601848000000000938e-02
6.034154999999999380e-02
8.144751000000000074e-02
5.697489000000000026e-02
6.887439999999998841e-02
2.671159599999999718e-02
6.268527399999999916e-02
4.728233500000000172e-02
1.120974149999999919e-01
9.916292000000000162e-02
2.407836999999999825e-02
3.415912600000000493e-02
4.144915600000000089e-02
5.289106230000000658e-02
4.801826230000000306e-02
2.023859000000000075e-02
3.713647500000000212e-02
4.386467719999999348e-02
1.743353220000000078e-02
8.787076760000001041e-02
7.474713199999999391e-02
6.666733499999999424e-02
6.136641299999999466e-02
3.661476649999999972e-02
2.018909150000000249e-02
8.820856500000000266e-02
8.804915500000001782e-02
5.832900800000000163e-02
9.824398300000000694e-02
7.676568000000000280e-02
6.241992999999999153e-02
5.021125499999999631e-02
1.056297650000000143e-01
1.124567399999999995e-01
4.928558000000000106e-01
2.117833000000000077e-01
6.114814999999999834e-02
8.258203000000000071e-02
5.790763000000000160e-02
6.126708000000000848e-02
4.261358999999999980e-02
1.707956000000000057e-02
4.539477499999999832e-02
5.525501499999999760e-02
6.658825499999999897e-02
8.763173500000000227e-02
7.804281000000000412e-02
3.372158499999999143e-02
4.701510000000000411e-02
7.815650500000000112e-02
7.471166999999999392e-02
6.146077000000000484e-02
5.244427599999999107e-02
9.400947600000000848e-02
4.456029999999999713e-02
1.981294999999999931e-02
3.789765000000000494e-02
1.174889300000000053e-01
5.271048500000000830e-02
7.584221499999997673e-02
6.702315000000000356e-02
2.085141000000000425e-02
5.199229000000001044e-02
8.266234999999999555e-02
1.310380400000000223e-01
1.333524999999999815e-02
4.685505000000000225e-02
9.379464999999999331e-02
3.860565000000000524e-02
5.453535000000001021e-02
9.239888999999999741e-02
5.510980999999999519e-02
4.902633000000000685e-02
7.613302999999999043e-02
6.370847999999999789e-02
8.028528999999999527e-02
5.717472999999999306e-02
5.084173000000000164e-02
2.764805499999999777e-02
3.597853499999999205e-02
3.234490000000000282e-02
8.380960000000001187e-02
6.212847000000001202e-02
5.264515000000000167e-02
4.511922499999999892e-02
1.943804500000000102e-02
2.165445500000000648e-02
7.195699499999999582e-02
5.904574999999999407e-02
5.105269999999999947e-02
9.740675000000000028e-02
8.110425000000001661e-02
9.177715999999999652e-02
7.592559000000000113e-02
6.230605000000000865e-02
4.629278499999999602e-02
1.059542499999999998e-01
5.970800949999999913e-02
8.872471449999999593e-02
1.267652399999999735e-01
6.890609999999998403e-02
9.572189000000000392e-02
2.461077500000000140e-02
6.079613500000000115e-02
2.378037500000000290e-02
2.998594999999999733e-02
1.073815999999999660e-02
6.175407499999999855e-02
4.005126999999999993e-02
1.073040999999999925e-02
2.638509450000000103e-02
3.571952049999999740e-02
3.204450999999999827e-02
3.167819000000000190e-02
5.096851999999999633e-02
8.168033500000000668e-02
1.126281150000000009e-01
1.080232549999999986e-01
7.905752500000001737e-02
9.620927999999999425e-02
7.210469499999999643e-02
8.768899500000000569e-02
6.221359999999999391e-02
6.443090000000001316e-02
3.991885000000001266e-02
1.705805000000000515e-02
5.345518000000000491e-02
4.788504999999999845e-02
8.013778000000000568e-02
7.962642250000000199e-02
1.231139975000000025e-01
4.866989500000000468e-02
5.774317999999999118e-02
4.616578999999999128e-02
4.422157000000000171e-02
2.297475999999999685e-02
4.300725999999999855e-02
2.863630000000000342e-02
3.251922499999999883e-02
4.801564999999999306e-02
5.592290999999999929e-02
1.124458049999999959e-01
5.640187500000000409e-02
9.152384999999998993e-02
7.618924500000000266e-02
6.833796499999998664e-02
5.346638499999999822e-02
4.951242999999999617e-02
2.844864499999999810e-02
3.260716000000000309e-02
4.657212500000000588e-02
2.065506500000000023e-02
3.038387999999999853e-02
5.515093999999999552e-02
1.504454000000000555e-02
2.182594000000000201e-02
3.011835000000000206e-02
7.650616239999999402e-02
