FramewiseDisplacement
3.823166999999998150e-02
4.222487999999997854e-02
4.346517999999999909e-02
3.363529199999999719e-02
3.309383199999999664e-02
1.822091999999999115e-02
3.507885000000000864e-02
1.977375000000003089e-02
3.123969000000001786e-02
5.581465999999999511e-02
4.316240000000001048e-02
4.279297699999999594e-02
4.650567299999999737e-02
4.233238999999999752e-02
1.969507000000000549e-02
1.563145599999999913e-01
7.631859999999998645e-02
9.305705000000000227e-02
4.829844999999999278e-02
4.360103699999999527e-02
8.291739200000000642e-02
2.959104499999998944e-02
3.910785000000000650e-02
7.054634500000001029e-02
4.799260500000000762e-02
1.900964999999999600e-02
3.626789999999999875e-02
5.438793000000000100e-02
4.010682000000000136e-02
7.797015999999999669e-02
4.903410000000001101e-02
2.006440000000001000e-02
3.512296499999999905e-02
1.727289500000000338e-02
5.920969999999999706e-02
4.162503000000000730e-02
1.117139500000000063e-01
5.952121000000000495e-02
2.621595999999998955e-02
2.724016000000000284e-02
1.469003000000000843e-02
6.480376999999999665e-02
4.184538999999999620e-02
2.493580999999999229e-02
6.929744000000000181e-02
5.369589000000001000e-02
4.275115499999999902e-02
3.853351499999999735e-02
7.173548999999999898e-02
5.343980999999999731e-02
4.667482000000000575e-02
4.360673999999999106e-02
2.547391999999999712e-02
3.482338999999998880e-02
3.545406499999999989e-02
5.839065499999999964e-02
4.668556000000000095e-02
5.466210999999999987e-02
2.182532999999999695e-02
5.759288000000000601e-02
2.419140000000000179e-02
5.511980999999999825e-02
1.659910999999999678e-02
3.237562999999999552e-02
5.463383999999999602e-02
3.445560999999999763e-02
6.186153500000001609e-02
2.877735000000000362e-02
3.730316500000000618e-02
7.511927000000000187e-02
2.864246000000000153e-02
2.302205499999999613e-02
1.848458999999999519e-02
3.492713500000001192e-02
5.078424000000000826e-02
4.765231500000000064e-02
3.155227000000000032e-02
6.641736499999997823e-02
8.094699999999999118e-02
3.220972899999999944e-02
5.102295199999998948e-02
2.319476099999999430e-02
3.237580590000001257e-02
5.033736409999998995e-02
2.981660200000000455e-02
3.850689799999999774e-02
3.711287500000000350e-02
5.535918000000000783e-02
6.263357499999999689e-02
5.320362499999999745e-02
3.926529499999999867e-02
3.338403999999999677e-02
4.507171399999999883e-02
1.888207399999999869e-02
7.735635500000000164e-02
4.318758500000000056e-02
4.200254999999999267e-02
4.024995000000000656e-02
3.892630999999999869e-02
9.947769500000000487e-02
4.404464500000000032e-02
1.274013860000000053e-01
3.842744599999999011e-02
5.026267000000000235e-02
7.887545999999999446e-02
2.955206999999999279e-02
2.159664999999999502e-02
7.400313499999999767e-02
3.789943999999999952e-02
4.030685999999999991e-02
3.877173999999999898e-02
2.911331999999999809e-02
2.467826500000000131e-02
6.567149999999999377e-02
4.106994999999999396e-02
2.823806999999999706e-02
1.926138499999999892e-02
4.258236999999999439e-02
4.604801500000000464e-02
2.543200000000000321e-02
3.436871000000000370e-02
2.824067000000000244e-02
2.040450600000000281e-02
7.204226400000000863e-02
4.795541000000000387e-02
6.476780499999999774e-02
7.224245999999999446e-02
2.437446000000000057e-02
5.878931499999999477e-02
5.114426999999999862e-02
4.214958000000000593e-02
5.355538999999999439e-02
4.289031999999999567e-02
6.200232099999999913e-02
7.142110999999999599e-03
2.947405199999999711e-02
4.398976000000000275e-02
2.006339999999999513e-02
4.611698100000000133e-02
4.996062099999999673e-02
1.700518999999999989e-02
8.959448499999998761e-02
4.341684999999999989e-02
2.185953499999999938e-02
2.563677999999999790e-02
2.384907899999999872e-02
6.971480900000000258e-02
2.366433999999999899e-02
3.887000000000000177e-02
8.678153499999999299e-02
3.959261999999999504e-02
1.827480279999999652e-02
6.656970219999999716e-02
4.240409000000000539e-02
2.533578099999999819e-02
6.303123899999998891e-02
1.197906499999999708e-02
3.612154499999999796e-02
5.309620500000000048e-02
5.004196500000000075e-02
8.023954600000000881e-02
9.085479099999999031e-02
7.751743499999999565e-02
9.141704999999999970e-02
3.607292999999999611e-02
9.157265000000000543e-02
8.394669999999999910e-02
3.806592400000000098e-02
7.634523599999998300e-02
5.689178300000000132e-02
3.719053299999999784e-02
7.678377000000000119e-02
2.444783000000000026e-02
2.393296999999999786e-02
4.549948000000000187e-02
2.995081999999999953e-02
5.644461500000000354e-02
5.421127499999999627e-02
5.218862999999999974e-02
6.279475499999999377e-02
4.392309500000000227e-02
6.607052000000000758e-02
4.516646000000000549e-02
3.279707000000000455e-02
3.195243000000000388e-02
2.675956000000000168e-02
5.965037229999999718e-02
5.886921769999998999e-02
3.869844999999999535e-02
7.382829000000000474e-02
3.019567000000000778e-02
5.146412899999999735e-02
4.370464900000000513e-02
9.080422000000000493e-02
3.582851199999999292e-02
5.695714200000000227e-02
5.321830899999999837e-02
3.299569100000000060e-02
8.170928999999998998e-02
7.311903999999999626e-02
6.158449999999999341e-02
3.352703199999999134e-02
4.732002800000000009e-02
2.308789500000000411e-02
4.458024099999999962e-02
3.620873800000000420e-02
1.697042799999999921e-02
4.540440750000000053e-02
3.857901749999999991e-02
8.656326100000000245e-02
8.801727099999999415e-02
7.378852399999999423e-02
4.565441600000000322e-02
7.112580000000000291e-02
3.291964999999999475e-02
2.511674999999999672e-02
4.685333000000000553e-02
4.537830500000000072e-02
6.474378500000001202e-02
3.670174999999999826e-02
4.309152999999999595e-02
5.416923450000000334e-02
6.018046050000000480e-02
6.050251500000002058e-02
4.614393549999998984e-02
2.740116999999999900e-02
2.796964999999999868e-02
4.579669999999999574e-02
5.862425000000000969e-02
7.585125000000000894e-02
3.463899999999999618e-02
3.222429999999999739e-02
4.299074550000001049e-02
4.553719550000000227e-02
5.276393000000000055e-02
3.571922549999998614e-02
5.869740000000000374e-02
2.621634550000000868e-02
4.848956949999999599e-02
2.049183000000000254e-02
9.611995800000000534e-02
3.201459300000000091e-02
8.004949499999999829e-02
3.400210499999999775e-02
7.749711229999999007e-02
5.062491230000001202e-02
8.703839999999993943e-03
6.394348500000000823e-02
5.665093500000000643e-02
7.858204999999998663e-02
3.320842000000000238e-02
3.227258500000000641e-02
4.214073500000000555e-02
7.665495500000001072e-02
1.039169419999999844e-01
5.562796300000000249e-02
7.104750999999999428e-02
6.992367999999998807e-02
1.513208000000000435e-02
3.118827200000000646e-02
4.827586799999999956e-02
3.284516999999999298e-02
6.589029700000001433e-02
8.780906300000000664e-02
3.416164600000000384e-02
3.023401999999999340e-02
9.056209999999999261e-02
7.643907000000001173e-02
5.844128000000000517e-02
2.311922999999999756e-02
6.591363000000000083e-02
6.816943999999998394e-02
3.785854999999999776e-02
4.619547000000000236e-02
1.084310649999999931e-01
3.216627500000000112e-02
7.540908000000000333e-02
3.437754800000000083e-02
3.555745800000000706e-02
6.871795799999998178e-02
1.026089079999999987e-01
3.990070999999999896e-02
5.569580999999999144e-02
8.640656650000000383e-02
4.015633649999998667e-02
6.032183240000000418e-02
1.084756536000000271e-01
3.926773000000001457e-02
5.845922300000000460e-02
