FramewiseDisplacement
4.587757500000000377e-02
1.998085999999999612e-02
2.428562000000000776e-02
1.554848000000000167e-02
1.758225000000000759e-02
2.325885000000000452e-02
3.465749999999995744e-03
3.805572000000000121e-02
5.885649999999999910e-02
6.175917000000000212e-02
2.274239999999999248e-02
2.937968999999999997e-02
4.553254999999999802e-02
3.186641000000001167e-02
4.753394999999999843e-02
5.279669999999999502e-02
4.166197999999999430e-02
4.810458000000000095e-02
3.482804999999999235e-02
5.389245000000000840e-02
4.740600000000000369e-02
3.496230000000000171e-02
2.620314999999999450e-02
1.191295000000000028e-02
4.721915999999998920e-02
4.371853999999998630e-02
4.449376999999998805e-02
2.647656999999999788e-02
1.007711000000000023e-01
7.001143499999999686e-02
2.654433499999999529e-02
4.966699999999999587e-02
8.600655000000000105e-02
7.243244999999999545e-02
2.736164999999999431e-02
3.767786999999999525e-02
3.691882000000001190e-02
5.544573000000000557e-02
4.700346000000000385e-02
8.604421999999999071e-02
2.708745000000000944e-02
2.833779999999999633e-02
4.093510000000000204e-02
1.327150000000000205e-02
3.247420000000000168e-02
2.947135000000000379e-02
1.762640000000001081e-02
2.265654999999999752e-02
2.401854999999999268e-02
2.332690000000000458e-02
2.451620000000000188e-02
2.867605000000000501e-02
3.931328000000000600e-02
2.276233999999999896e-02
5.164165000000000422e-02
3.414551000000000391e-02
2.546635000000000218e-02
5.165904000000001023e-02
3.594114000000000336e-02
2.122979999999999659e-02
3.043360000000000162e-02
2.496030000000000124e-02
2.207886500000000654e-02
4.117886499999999506e-02
2.496696499999999375e-02
2.870104999999999879e-02
3.678855000000000319e-02
4.040469999999999479e-02
3.692100499999999980e-02
5.189091999999999316e-02
2.485174000000000410e-02
3.570436899999999969e-02
3.008635599999999813e-02
5.318830349999999901e-02
2.270829849999999456e-02
2.577917999999999876e-02
1.948820999999999887e-02
3.359568000000000276e-02
4.993886499999999201e-02
2.248461099999999463e-02
1.863193399999999583e-02
2.025017999999999610e-02
2.145475499999999203e-02
5.612069999999999385e-03
2.198241500000000168e-02
4.429191999999999851e-02
4.441798999999999747e-02
1.733666000000000373e-02
2.060926999999998857e-02
2.338744299999999388e-02
4.196893299999999299e-02
5.901574999999998489e-02
3.101296500000000345e-02
4.868760500000000879e-02
1.608637999999999735e-02
2.094037000000000329e-02
4.729930000000000245e-02
8.669043999999997974e-02
9.821532499999999222e-02
3.292056500000000580e-02
4.075993999999998757e-02
6.332275000000001097e-02
3.707404199999999456e-02
2.670411199999999513e-02
2.868543699999999419e-02
3.201180199999999892e-02
3.424928499999999043e-02
2.915408999999999709e-02
3.070858999999999395e-02
7.539584500000000300e-02
5.410665749999999524e-02
2.356298249999999248e-02
4.135147099999998688e-02
3.662093400000000082e-02
3.562463499999999478e-02
3.582534000000000413e-02
3.283157949999999936e-02
1.472786049999999861e-02
2.677537500000000403e-02
1.337159500000000001e-02
1.991180879999999986e-02
1.824611987999999740e-01
1.026581949999999938e-01
3.236681000000000280e-02
6.499046599999999674e-02
2.177864500000000272e-02
3.018157400000000268e-02
3.399169500000000232e-02
2.875221999999999847e-02
3.452904500000000126e-02
4.228598000000000079e-02
4.390686500000000325e-02
3.766894500000000229e-02
3.510786000000000462e-02
3.902456000000000674e-02
2.232696000000000333e-02
3.176533000000000134e-02
2.185517000000000015e-02
1.522714999999999833e-02
1.956939129999999902e-02
1.544707630000000109e-02
2.431382599999999672e-02
2.469767500000000227e-02
2.751068699999999895e-02
2.669022600000000439e-02
2.193924100000000169e-02
2.713238000000000108e-02
3.083096000000000100e-02
4.088859999999999717e-02
2.522391000000000216e-02
2.627801000000000442e-02
4.579108500000000220e-02
2.550455400000000566e-02
3.287523400000000318e-02
2.667254000000000153e-02
3.445549000000000528e-02
2.988994500000000457e-02
4.762199999999999767e-02
8.336550000000001598e-03
1.878123000000000292e-02
5.962135300000000193e-02
1.747382700000000080e-02
4.180929500000000326e-02
3.042768800000000134e-02
1.268942799999999739e-02
4.571259199999999634e-02
3.707275699999999785e-02
4.564357699999999768e-02
3.680020200000000408e-02
3.679606500000000280e-02
2.024708999999999884e-02
3.575326599999999883e-02
4.666031600000000029e-02
2.775842000000000240e-02
6.240024000000000265e-02
2.501932800000000040e-02
3.728637200000000512e-02
1.435211000000000126e-02
2.065300000000000122e-02
2.361787500000000692e-02
2.014619499999999869e-02
1.934997000000000106e-02
3.314040999999999515e-02
3.234876999999999891e-02
9.174178999999998974e-02
1.543770299999999984e-01
1.067083200000000093e-01
4.446528000000000286e-02
6.751097999999999821e-02
1.482019000000000392e-02
4.665578999999999560e-02
2.270433000000000173e-02
2.220180000000000070e-02
9.834500000000001227e-03
1.097059000000000228e-02
3.464479000000000170e-02
3.148737000000000064e-02
3.074850999999999973e-02
2.174507000000000176e-02
1.448113000000000525e-02
1.878327000000000468e-02
2.104689000000000559e-02
1.676239800000001168e-02
3.924684199999999706e-02
2.351034999999999930e-02
1.718224000000000487e-02
3.800489000000000644e-02
2.782419000000000212e-02
2.455585000000000406e-02
4.512359999999998594e-02
1.737382999999999983e-02
1.658165999999999460e-02
2.371772999999999243e-02
1.135789999999999890e-02
2.368653000000000425e-02
2.271261999999999587e-02
2.046611999999999043e-02
4.278122999999999648e-02
3.538374400000000169e-02
2.250171400000000599e-02
1.693519999999999401e-02
5.698646000000000267e-02
2.991711999999999844e-02
1.421948299999999943e-01
3.019998400000000194e-01
4.305741100000000376e-02
7.712716000000000016e-02
1.515978299999999612e-02
3.761002600000000473e-02
4.950864469999999989e-02
5.346858530000001691e-02
4.970870000000000843e-02
8.262593999999999494e-02
2.327647499999999647e-01
1.119263399999999853e-01
1.820733999999999964e-01
5.941516000000000852e-02
1.364884999999999848e-01
3.564091400000000132e-01
4.945821499999999982e-01
1.317763399999999918e-01
2.106139499999999942e-01
1.166546899999999914e-01
7.165916999999999426e-02
4.938117999999998287e-02
6.292764000000002078e-02
1.356220000000000203e-01
3.755131000000000441e-02
1.071569799999999989e-01
9.656363999999997838e-02
2.643973999999998936e-02
5.594250999999999391e-02
1.366134999999999225e-02
1.993444999999999245e-02
2.542035000000000128e-02
1.171819999999997898e-02
3.978547999999998419e-02
3.357258999999999938e-02
3.418927000000000077e-02
2.633677999999999714e-02
3.451594000000000884e-02
3.202482000000001633e-02
4.499734999999999846e-02
2.115343000000001125e-02
4.673859999999999126e-02
4.396126999999999674e-02
5.713831999999999939e-02
5.343100999999999406e-02
3.608804999999998958e-02
3.821418000000000037e-02
3.442234999999999739e-02
2.782548000000000660e-02
1.957105999999999429e-02
2.761227000000000126e-02
2.290369999999999212e-02
3.326701000000001351e-02
3.652226000000002165e-02
2.695416999999999258e-02
2.023849000000000134e-02
4.618768999999998959e-02
3.825071999999998806e-02
1.064115799999999917e-01
1.200187899999999863e-01
3.858290499999999373e-02
5.103850500000001178e-02
3.178989999999998900e-02
2.818274999999999947e-02
1.519669000000000922e-02
4.295310999999998880e-02
