FramewiseDisplacement
7.322290000000000743e-02
4.943078999999999529e-02
6.777598999999999430e-02
8.584235000000001170e-02
1.187002000000000057e-01
7.101174999999999848e-02
8.127684999999999771e-02
9.464479999999998727e-02
3.854589999999999406e-02
5.825524999999999454e-02
1.219313699999999973e-01
1.007531700000000169e-01
4.480610000000000842e-02
8.486569999999998837e-02
7.251074999999999882e-02
6.325685000000000335e-02
5.762155000000000749e-02
6.246664999999999857e-02
6.423165000000000124e-02
5.004219999999999502e-02
5.875749999999999029e-02
5.438470000000000804e-02
4.707744500000000248e-02
7.460214500000002247e-02
8.506220000000000447e-02
5.256905000000001299e-02
5.856805000000000344e-02
1.117860500000000118e-01
1.431044999999999956e-01
7.107950000000000379e-02
3.049040000000000430e-02
7.296922000000000130e-02
7.581961999999999036e-02
3.193509999999999405e-02
5.070010000000000489e-02
5.692199999999999344e-02
3.893294999999999395e-02
4.472290000000000293e-02
4.256390000000000867e-02
5.282479999999999815e-02
1.102024599999999743e-01
7.312490999999998742e-02
5.567454999999998932e-02
9.226015000000001298e-02
5.698865000000000181e-02
4.232970000000001176e-02
6.244803999999999633e-02
6.524781500000000067e-02
5.237127499999999491e-02
4.417445000000000399e-02
4.640840000000000937e-02
4.663029999999999259e-02
5.391340000000000021e-02
6.367005500000000318e-02
7.558386500000001396e-02
2.804314000000000112e-02
4.431052999999999381e-02
5.291363000000001010e-02
9.513384999999999203e-02
7.748539999999999595e-02
5.709664999999999879e-02
2.853474999999999762e-02
5.470882499999999565e-02
4.312127500000000058e-02
5.430399999999999117e-02
3.003524999999999598e-02
3.044140000000000040e-02
7.814981499999999748e-02
4.740194000000000352e-02
3.024904999999999608e-02
6.388325000000000253e-02
7.829189000000000287e-02
2.842002999999999543e-02
4.053391000000000632e-02
2.317782700000000501e-02
5.422121299999999727e-02
4.466384999999999106e-02
3.039853999999999820e-02
3.183703000000000227e-02
3.536261500000000696e-02
4.729746199999999845e-02
4.680182700000000418e-02
3.910893499999999745e-02
4.680813000000000335e-02
4.139459499999999237e-02
3.908736500000000585e-02
4.429554000000000130e-02
2.470284000000000021e-02
2.864419999999999814e-02
4.419561000000000323e-02
4.539491000000000359e-02
1.647816400000000694e-02
4.939366399999999685e-02
3.604230999999999407e-02
4.758065999999999685e-02
6.937668999999999087e-02
4.583478500000000289e-02
3.127814300000000131e-02
7.492270449999999249e-02
4.776348149999998932e-02
3.948842500000000061e-02
2.479975000000000235e-02
5.719773000000000912e-02
8.517612800000000373e-02
4.173017200000000981e-02
4.259194699999999112e-02
3.942402200000000995e-02
4.795009500000000507e-02
6.794353499999999935e-02
5.025970500000000174e-02
4.025578500000000226e-02
2.086684500000000192e-02
4.422963500000000325e-02
6.373942700000000128e-02
5.128668799999999695e-02
7.659769599999999290e-02
2.633200599999999461e-02
4.687630799999999848e-02
7.445883300000000204e-02
6.394108499999999473e-02
3.836309900000000467e-02
3.940132899999999883e-02
4.015290499999999568e-02
4.819868499999999806e-02
3.619601999999999542e-02
6.998020999999998715e-02
6.993742499999999751e-02
3.997368499999999492e-02
7.008997070000000384e-02
1.145321556999999990e-01
7.461176499999999656e-02
3.776341999999999893e-02
8.807456999999999092e-02
4.057864799999999494e-02
4.032148199999999877e-02
3.619591999999999254e-02
4.197248000000000645e-02
3.410229000000000038e-02
9.861518999999999147e-02
8.604608650000000747e-02
5.914245650000000271e-02
2.902461999999999750e-02
3.699260999999999522e-02
3.544851400000000041e-02
3.250771599999999900e-02
5.767705199999999949e-02
5.038089400000000245e-02
1.963288399999999628e-02
6.893955000000000222e-02
7.197184499999999263e-02
5.786873500000000448e-02
6.041749500000000855e-02
7.848985249999999858e-02
4.891567350000000647e-02
3.315856100000000306e-02
4.559894100000000394e-02
3.478574999999999723e-02
2.453579000000000176e-02
3.008703499999999462e-02
8.134683799999999076e-02
7.328249299999999022e-02
4.595766600000000812e-02
1.120800750000000012e-01
1.047353444999999939e-01
4.687841850000000476e-02
4.220298700000000430e-02
7.566687499999999456e-02
4.943984899999999405e-02
2.809659899999999294e-02
2.142393800000000070e-01
2.467286300000000598e-01
8.140595000000001857e-02
7.156165000000000442e-02
2.353349999999999886e-02
5.074184999999999807e-02
4.073169999999999569e-02
3.232200000000000351e-02
7.361004999999998244e-02
2.684095000000000231e-02
5.753714999999999524e-02
4.022444999999999493e-02
3.726499999999998564e-02
4.252695000000000086e-02
7.168874999999999553e-02
3.743944999999999912e-02
4.755103000000000107e-02
5.209479999999999666e-02
1.147774799999999873e-01
5.506947499999999968e-02
3.379766000000000020e-02
4.900602499999999473e-02
1.863581000000000265e-02
4.680799499999999808e-02
7.294089850000000375e-02
1.794316864999999928e-01
1.539881800000000023e-01
6.097640000000000005e-02
6.820315999999999879e-02
8.172542900000000221e-02
7.673990099999999925e-02
6.622646499999999825e-02
1.246414650000000068e-01
7.647449250000001864e-02
3.361540750000000660e-02
4.692882500000000040e-02
1.210157500000000330e-02
4.607344999999999496e-02
5.410164999999999419e-02
3.882449500000000053e-02
4.496309499999999459e-02
4.020603999999999845e-02
3.776295000000000346e-02
3.509380000000000832e-02
4.844710499999999725e-02
6.785015499999998145e-02
5.212670000000000498e-02
3.820611999999999620e-02
2.613263999999999518e-02
4.357310999999999823e-02
6.333681000000000727e-02
7.452741000000000227e-02
6.500248000000000137e-02
4.449064999999999270e-02
4.561383000000000104e-02
8.348463000000000411e-02
6.714997999999999800e-02
5.163865000000000122e-02
3.743789000000000144e-02
9.068614499999999579e-02
4.626680500000000112e-02
4.198779999999999873e-02
8.275614000000001969e-02
6.546594000000000024e-02
3.186731999999999759e-02
7.314800999999999942e-02
1.103327600000000019e-01
6.184955999999999093e-02
6.535335999999998535e-02
3.889571000000000001e-02
5.729610999999999732e-02
5.564065000000000677e-02
2.535259999999999944e-02
4.708712599999999998e-02
1.963120799999999722e-02
3.714526800000000906e-02
4.147735000000001698e-02
5.128871000000000124e-02
6.042023499999999575e-02
5.789636499999999825e-02
1.299448599999999954e-01
1.497159999999999880e-01
1.830347200000000119e-01
1.838801749999999791e-01
7.521240499999999607e-02
3.102854999999999849e-02
6.745939500000000533e-02
4.565690499999999763e-02
8.341235000000001010e-02
9.748830000000001383e-02
6.720164999999998778e-02
5.098655000000000548e-02
4.740826499999999111e-02
6.013948499999999947e-02
9.402921999999999669e-02
3.054886999999999880e-02
6.324249999999999317e-02
6.817706499999999503e-02
4.412893500000000108e-02
4.302775999999999823e-02
4.930328999999999962e-02
8.235264999999999946e-02
4.972670000000000562e-02
8.716750000000000886e-02
9.622360000000000635e-02
4.064049999999999607e-02
5.050849999999999090e-02
8.585414999999999019e-02
1.398844999999999950e-01
7.968953500000000578e-02
3.187218500000000426e-02
2.678460000000000563e-02
7.576349999999999751e-02
5.106919999999999515e-02
7.716244999999999354e-02
4.435679999999999484e-02
3.133339500000000000e-02
5.990225500000000147e-02
6.975089999999999069e-02
1.070402999999999910e-01
