FramewiseDisplacement
6.129729999999994350e-02
2.564140000000004332e-02
2.851039999999988375e-02
3.092569999999997959e-02
4.200459999999989202e-02
8.463910000000010592e-02
3.429860000000014425e-02
3.497870000000012636e-02
2.872039999999995152e-02
3.906117999999995927e-02
7.315607999999985955e-02
6.337520000000004816e-02
7.150529999999991060e-02
1.040204800000000540e-01
5.275377999999994461e-02
1.745610000000000217e-02
3.614229999999973159e-02
3.202510000000000773e-02
6.780090000000005279e-02
6.145399999999992535e-02
2.095909999999999440e-02
2.536169999999998703e-02
3.360770000000015689e-02
4.245440000000017672e-02
4.448170000000002677e-02
3.863839999999989228e-02
3.274369999999988262e-02
3.595720000000003636e-02
2.374091000000000951e-01
3.930089999999999417e-01
2.304644000000000414e-01
4.230699999999995575e-02
5.836960000000007698e-02
6.133689999999993037e-02
4.073014999999999275e-02
6.819160000000001887e-02
1.752170000000007055e-02
3.929905000000003673e-02
6.237144999999999495e-02
7.960490000000007560e-02
2.907059999999997077e-02
4.909014999999993661e-02
3.190200000000010389e-02
7.105810000000017945e-02
4.585099999999998899e-02
2.708535000000000109e-02
1.778554999999990699e-02
5.484154999999992647e-02
4.948800000000007360e-02
3.196580000000012051e-02
3.844335000000003583e-02
4.083860000000001655e-02
8.623135000000016481e-02
7.029650000000015053e-02
1.231074499999998684e-01
5.499725000000008079e-02
4.462605000000001432e-02
9.487595000000001444e-02
4.212080000000002766e-02
1.072294499999999484e-01
3.442153000000000573e-01
1.013322499999999710e-01
4.906460000000002764e-02
8.703329999999993849e-02
2.799379999999992985e-02
3.722360000000000946e-02
1.044489000000000251e-01
7.354639999999995625e-02
6.669340000000002766e-02
3.268625000000000003e-02
1.207278000000000795e-01
8.060950000000001447e-02
8.500727000000001254e-01
2.355358000000000174e-01
1.778178499999999995e-01
7.689440000000000164e-02
5.409054999999998031e-02
3.368120000000002917e-02
2.567520000000000566e-02
1.154888500000000040e-01
1.295914499999999692e-01
4.042609999999995790e-02
3.729522999999999172e-02
2.619260150000000120e-01
2.738600150000000122e-01
9.633029999999997983e-02
1.131953500000000001e-01
7.619445499999999427e-02
2.265752350000000415e-01
1.664110299999999876e-01
4.378253000000000839e-01
1.357314500000000312e-01
8.066645000000008392e-02
2.718609999999999777e-02
1.227246000000000031e-01
8.157015000000000793e-02
3.955935000000004170e-02
5.129710000000005377e-02
5.010690000000003058e-02
7.922934999999996231e-02
4.113454999999999195e-02
7.105605000000007887e-02
6.357670000000006927e-02
7.240575000000003258e-02
3.269900000000001972e-02
8.175550000000003648e-02
4.198085499999998360e-02
1.011242549999999962e-01
9.364230000000006715e-02
1.348210549999999952e-01
1.044665049999999318e-01
4.788569999999996857e-02
5.999620000000009667e-02
5.321681499999994513e-02
8.487911500000001885e-02
7.484205000000007657e-02
7.889740000000002029e-02
2.888597499999999152e-01
9.873220000000004770e-02
7.457034999999997971e-02
7.820839999999996961e-02
3.655295000000003541e-02
6.308709999999999318e-02
2.800665000000000793e-02
2.323664999999999065e-02
5.321230000000002486e-02
6.440195000000001335e-02
1.276579999999995219e-02
9.862514999999996701e-02
6.802139999999995412e-02
9.807784999999999420e-02
3.613465000000002508e-02
2.848249999999998353e-02
5.635200000000000625e-02
5.131859999999999200e-02
1.181424500000000100e-01
3.776440500000000089e-01
4.297856500000000191e-01
4.933336149999999476e-01
5.731583850000000480e-01
1.923487400000000180e-01
2.856479450000000142e-01
1.357219050000000038e-01
8.954881000000000646e-02
4.447494899999999973e-02
1.463950909999999772e-01
1.006658169999999908e-01
5.336326300000000106e-02
3.417334999999999123e-02
7.996921650000000936e-02
4.118207649999999775e-02
5.200029500000000193e-02
4.664417500000000300e-02
7.709130000000000149e-02
3.390305000000000402e-02
4.356477000000000266e-02
2.019614999999999258e-02
8.934893000000000696e-02
5.226825000000000915e-02
4.801468099999998962e-02
4.260213100000001529e-02
3.087669999999999998e-02
3.790985000000000882e-02
7.206985999999999948e-02
3.757446000000001091e-02
4.094634999999999941e-02
8.146061999999999748e-02
1.060612699999999853e-01
4.361971999999998684e-02
2.417994999999999867e-02
5.316239999999999855e-02
4.264017999999999281e-02
2.392027999999998822e-02
1.878431999999999324e-02
1.646812000000000623e-02
3.644394499999999842e-02
2.999076500000000256e-02
2.442761000000000238e-02
4.162292999999999549e-02
4.414935000000001081e-02
5.440649999999998265e-02
2.685658999999998575e-02
4.325911999999997037e-02
7.086602000000000179e-02
1.166302500000000048e-01
3.279714999999999020e-02
5.480596000000001466e-02
2.650849800000001574e-02
2.171368300000001833e-02
7.623094500000002216e-02
8.328138000000002983e-02
5.404488999999999127e-02
8.026594000000000784e-02
2.904246000000000952e-02
3.313334999999999197e-02
3.111732000000001080e-02
1.249880000000000609e-02
4.104257000000000738e-02
2.229797999999998809e-02
2.762910000000000713e-02
3.636768999999999419e-02
1.844857999999999221e-02
3.246375999999999429e-02
1.762289999999999690e-02
4.228549000000001584e-02
1.012485000000001162e-02
2.190194000000001556e-02
1.497980000000000492e-02
1.166778500000000274e-01
4.528625499999999748e-01
2.417021399999999820e-01
1.407750599999999797e-01
4.394832699999999814e-01
3.321676199999999968e-01
1.938940849999999938e-01
6.627427500000000749e-02
4.469765999999999323e-02
2.298959850000000249e-01
4.808904250000000102e-01
2.322239700000000018e-01
1.360981000000000274e-01
9.243170000000001940e-02
4.527239999999997655e-02
1.858033420000000102e-01
9.885044399999998177e-02
5.768879799999999253e-02
1.021656499999999829e-01
1.506469000000000003e-01
2.136761499999999814e-01
1.311538999999999622e-01
1.531517999999999768e-01
1.430275500000000310e-01
9.223340000000003480e-02
2.192127300000000223e-01
1.683115800000000162e-01
9.187867299999998016e-02
1.324499230000000249e-01
9.967025000000002966e-02
1.522132099999999877e-01
7.634301000000001669e-02
6.257188999999999113e-02
2.017411600000000027e-01
2.035197000000000256e-01
3.074775000000001812e-02
2.856194999999999221e-02
1.086942000000000186e-01
9.602199999999999624e-02
1.342913999999999497e-01
8.430816999999998784e-02
6.831438999999996098e-02
3.464224000000000470e-02
1.635821999999999832e-01
1.939946999999999921e-01
4.088885000000002518e-02
1.392228699999999986e-01
4.968061999999996703e-02
9.314506000000000174e-02
7.272088999999999637e-02
5.782099999999999046e-02
3.005484999999997325e-02
5.283925000000000427e-02
1.280600500000000086e-01
3.255949999999999817e-02
3.109740000000002502e-02
7.619770000000000709e-02
1.525048300000000079e-01
1.169737299999999841e-01
2.538101500000000121e-01
2.594877000000000433e-01
5.591294999999999599e-02
3.609309999999996826e-02
4.148940000000001654e-02
2.219430000000000708e-02
8.563463000000003100e-02
5.696183000000001190e-02
3.209724000000002686e-02
3.875275000000000941e-02
1.330190000000000018e-02
5.537053000000002195e-02
3.946093100000000464e-02
7.383896099999999463e-02
9.188484999999997627e-02
8.497074999999998379e-02
4.523104999999998099e-02
7.566794000000001685e-02
2.516817999999999833e-02
8.297899000000000247e-02
5.627418499999997659e-02
4.556468499999998673e-02
