FramewiseDisplacement
7.763628240000002012e-02
5.510520770000001262e-02
7.826684999999999892e-02
9.364365000000000883e-02
4.970749999999998781e-02
1.130552499999999960e-01
1.204688500000000023e-01
9.829259999999997999e-02
1.021671499999999982e-01
7.249203349999999713e-02
4.799918350000003525e-02
1.145434500000000050e-01
1.034757000000000038e-01
9.817305000000001169e-02
1.017683499999999935e-01
7.260534999999999906e-02
8.223455000000000348e-02
9.472675000000002621e-02
9.271725000000002881e-02
4.232415000000001870e-02
3.278575000000002321e-02
5.715979999999996897e-02
8.347864999999998759e-02
4.119180000000000758e-02
3.253420000000002005e-02
7.068895000000001427e-02
4.688622000000001316e-02
1.135862700000000169e-01
7.070259999999999045e-02
2.406295000000001350e-02
1.084551749999999870e-01
5.077156000000000030e-02
6.281523499999998317e-02
9.913778499999999216e-02
7.059838499999998573e-02
1.470580050000000194e-01
1.608143249999999802e-01
8.520053000000002430e-02
1.144019500000000022e-01
8.396530000000000660e-02
4.738780000000001463e-02
6.136320000000000663e-02
5.164149999999999296e-02
6.091154999999998099e-02
5.405665000000001164e-02
3.489730000000000609e-02
8.055619999999999448e-02
1.064353999999999717e-01
1.113493999999999873e-01
1.089919500000000041e-01
1.152789000000000036e-01
1.215421500000000016e-01
4.589485000000000092e-02
6.994689999999997854e-02
9.575919999999998877e-02
1.630701599999999918e-01
8.523466000000000375e-02
9.495750000000000024e-02
4.069130000000000663e-02
1.126104999999999884e-01
3.531729999999998898e-02
9.384864999999997792e-02
6.535160000000000968e-02
4.990644999999999110e-02
1.011487499999999817e-01
1.453317000000000081e-01
4.607920000000000071e-02
5.356779999999999181e-02
2.955500000000000141e-02
9.191260700000000727e-02
1.371162670000000139e-01
1.298051950000000121e-01
1.074588450000000250e-01
3.983045000000000335e-02
7.938530000000000586e-02
8.594269999999999687e-02
6.761114999999999486e-02
1.171625950000000083e-01
2.508585050000000094e-01
1.964834499999999762e-01
2.072741000000000167e-01
9.464910000000001378e-02
2.974400000000002736e-02
3.500759999999999983e-02
8.341320000000000678e-02
4.933535000000001391e-02
7.246895000000001807e-02
1.426821300000000181e-01
5.056408000000000430e-02
1.159483500000000056e-01
6.774980000000001279e-02
7.562865000000000559e-02
1.206504500000000063e-01
6.655010000000000092e-02
6.413995000000000113e-02
6.660830000000000917e-02
6.475034000000000345e-02
1.133228899999999817e-01
6.553473500000001062e-02
5.393203500000001704e-02
7.055949000000000249e-02
5.045611000000001234e-02
1.164042500000000008e-01
4.401429999999999926e-02
6.542340000000000655e-02
2.555094999999999242e-02
6.926195000000000268e-02
6.226134999999999309e-02
1.271800750000000035e-01
1.027325250000000051e-01
9.561823700000000870e-02
1.289018869999999928e-01
5.176424999999999776e-02
9.776258000000000170e-02
6.951987999999999224e-02
3.050343900000001413e-02
1.266732410000000197e-01
5.420612999999999820e-02
1.099975499999999995e-01
2.123619999999999675e-02
4.564290499999999751e-02
3.476405500000000204e-02
9.989334999999999187e-02
1.265411300000000017e-01
4.650952999999999338e-02
8.945093000000001182e-02
1.253963100000000108e-01
7.008251999999999537e-02
9.564900999999999265e-02
7.941399000000000374e-02
4.637136000000000730e-02
5.118107000000000212e-02
3.663688999999999835e-02
3.947224000000000566e-02
9.139039999999999664e-02
1.065972099999999978e-01
4.126098000000000265e-02
8.360275000000000345e-02
8.207210500000000630e-02
1.079972400000000082e-01
9.105417500000000108e-02
1.783501650000000049e-01
8.106775499999999135e-02
4.788491999999999749e-02
5.719922499999999937e-02
1.142098400000000069e-01
6.365327499999999528e-02
1.237618599999999874e-01
1.250670700000000024e-01
1.144500544999999953e-01
1.014518594999999912e-01
7.623258999999998897e-02
3.218886699999999601e-02
9.137028700000000836e-02
7.473460199999999720e-02
2.644433299999999348e-02
8.776687499999999420e-02
8.523796000000000150e-02
5.113471099999999936e-02
9.564839600000001052e-02
8.855472000000000343e-02
2.348412499999999459e-02
2.243156199999999864e-02
5.958705699999999883e-02
7.775866000000000722e-02
1.008746100000000034e-01
7.354969999999999564e-02
3.633766000000000079e-02
8.469121999999998374e-02
1.132731000000000016e-01
8.262520999999999061e-02
5.869269999999995879e-03
3.850089999999999069e-02
5.245643000000000528e-02
5.559596999999999456e-02
5.843364000000000891e-02
7.849143000000000092e-02
8.157030999999997922e-02
1.384188799999999941e-01
3.708360999999999602e-02
3.060454999999999426e-02
6.653043999999999625e-02
9.964701999999998894e-02
8.957736000000000864e-02
3.444883000000000667e-02
1.140736499999999987e-01
7.368465999999999905e-02
6.603760999999999659e-02
4.618779999999998720e-02
1.454243400000000130e-01
6.958665000000001377e-02
5.161098000000000074e-02
2.475964000000000290e-02
5.789222999999998898e-02
6.251501999999999060e-02
9.399456999999999951e-02
3.774845000000000284e-02
9.148952999999998559e-02
1.232821300000000175e-01
1.524690999999999963e-01
4.637789000000000494e-02
8.945791000000000159e-02
6.761240000000001693e-02
5.370078000000001739e-02
7.380283999999999456e-02
8.526918999999999471e-02
8.560160000000001379e-02
9.705325999999998843e-02
4.280963999999999603e-02
8.396354999999999791e-02
1.241603500000000027e-01
5.791550000000001558e-02
3.911522000000001997e-02
4.984501999999998989e-02
4.201033999999999324e-02
4.206233000000000194e-02
1.114014999999999971e-02
9.526786999999999062e-02
5.972066000000000180e-02
4.463796999999999904e-02
2.206255000000001062e-02
7.488937999999999151e-02
2.891379000000000171e-02
8.569088999999999179e-02
5.637250999999999374e-02
6.018578000000000122e-02
8.828182900000000610e-02
1.015066890000000110e-01
4.051658999999999122e-02
8.838860999999999246e-02
3.361395999999999828e-02
6.589943000000000883e-02
4.414931000000001104e-02
2.145162999999999931e-02
1.759295200000000059e-01
7.243412000000000461e-02
6.005742999999998111e-02
4.235216999999999454e-02
1.076310199999999939e-01
3.586568999999999868e-02
1.548191349999999689e-01
1.329430950000000111e-01
6.374517999999999851e-02
3.902831000000000355e-02
5.535724000000000200e-02
5.103142000000000789e-02
4.146165500000000004e-02
7.957142000000000381e-02
5.101376500000000258e-02
3.525795000000000318e-02
3.861562000000001021e-02
3.318514000000000186e-02
7.198938000000000559e-02
5.385871999999999882e-02
5.985698000000000407e-02
6.128078000000000691e-02
6.066319500000000309e-02
4.207897500000001151e-02
2.448171299999999870e-02
1.040386069999999913e-01
9.027489999999999126e-02
8.675168000000001156e-02
1.713621000000000172e-01
2.111529299999999609e-01
1.332236299999999540e-01
2.361383999999999983e-01
1.221718850000000078e-01
9.439209000000002570e-02
8.384269500000000874e-02
1.625803000000000109e-01
1.314093685000000122e-01
4.719928150000001627e-02
1.078866500000000006e-01
1.183813439999999717e-01
1.621965309999999494e-01
1.297702370000000105e-01
7.506739899999997911e-02
1.382495609999999930e-01
8.337149459999999845e-02
1.375457346000000247e-01
9.908174000000001536e-02
1.452449699999999733e-01
5.414935999999997973e-02
1.628002679999999702e-01
1.237396279999999904e-01
1.279290850000000257e-01
1.672011349999999730e-01
1.564338609999999796e-01
6.656081123190998872e-02
