FramewiseDisplacement
9.416825000000000889e-02
2.976645000000000332e-02
5.059164999999998802e-02
1.324900000000001424e-02
5.109579999999999678e-02
6.556784999999999697e-02
5.839019999999999627e-02
2.577229999999997370e-02
5.907895000000001895e-02
8.133344999999997382e-02
5.086294999999999705e-02
1.535005000000001091e-02
5.346099999999989923e-03
6.807594999999998231e-02
4.088594999999998342e-02
5.067114999999999814e-02
2.902660000000000309e-02
5.284394999999999371e-02
5.477894999999997905e-02
2.287000000000000144e-02
5.747769999999999962e-02
2.442425000000002927e-02
3.572485000000000244e-02
4.501935000000002046e-02
3.811470000000000136e-02
3.497104999999998964e-02
3.811660000000002130e-02
1.806150000000001851e-02
3.429065000000001279e-02
4.814830000000001886e-02
5.978215000000000612e-02
3.352980000000001237e-02
2.309585000000000110e-02
2.252175000000001051e-02
1.212719999999999423e-02
3.074020000000000225e-02
1.489750000000001143e-02
3.353979999999999462e-02
3.866485000000000061e-02
2.559670000000000348e-02
1.722424999999999998e-02
2.552325000000001121e-02
3.578940000000000593e-02
3.878675000000000872e-02
4.667185000000000777e-02
5.620704999999999452e-02
3.239695000000000769e-02
4.374610000000000998e-02
1.407825000000000396e-02
2.419270000000000101e-02
3.079449999999999202e-02
2.959389999999999590e-02
1.483395000000000373e-02
4.727610000000000839e-02
9.095235000000000125e-02
5.142759999999999693e-02
8.178799999999998571e-02
5.857695000000001651e-02
4.013175000000000076e-02
5.258129999999999749e-02
2.452514999999999903e-02
2.408629999999999799e-02
4.685390000000000388e-02
5.413344999999999962e-02
3.578680000000000055e-02
5.897085000000000521e-02
3.753889999999998617e-02
1.839495000000000366e-02
4.164570000000000077e-02
4.853510000000000463e-02
3.871294999999999598e-02
3.874289999999999679e-02
3.758844999999999548e-02
3.184134999999999743e-02
1.603972000000000175e-01
1.930274500000000448e-01
8.030249999999998500e-02
3.428615000000000135e-02
3.064882499999999760e-02
3.530312499999999770e-02
2.122849999999999737e-02
4.653027499999998901e-02
5.007102500000000511e-02
4.162269999999999859e-02
2.322855000000000059e-02
4.284145000000001008e-02
8.984365000000002488e-02
5.809965500000000005e-02
6.324880500000000516e-02
4.447427499999999367e-02
2.781062500000001242e-02
7.401498000000000799e-02
4.136792900000001161e-02
4.865409899999999233e-02
2.824511500000000466e-02
2.913125500000000173e-02
3.634627000000001384e-02
3.890929500000000346e-02
4.906159499999999951e-02
4.716363000000001193e-02
6.686171650000000133e-02
3.500096350000000273e-02
8.658108999999999944e-02
6.196878999999999582e-02
3.957016000000000006e-02
5.277372000000000313e-02
4.282040999999999625e-02
5.866745999999999767e-02
3.923241999999999702e-02
3.117076500000000305e-02
4.703498000000000401e-02
3.866215999999999403e-02
2.682145499999999752e-02
7.021984599999998855e-02
7.093216099999999358e-02
3.033617500000000688e-02
4.377545599999999731e-02
6.334870600000000462e-02
4.626784999999999926e-02
3.932565149999999593e-02
4.892217849999999646e-02
2.501981500000000774e-02
2.656953500000000176e-02
2.900856500000000351e-02
4.191639400000000265e-02
4.808344600000000191e-02
3.714234699999998529e-02
4.494653999999999316e-02
3.254755999999999622e-02
3.749898599999999804e-02
3.416948599999999892e-02
5.334328999999999460e-02
3.640960999999999503e-02
2.607406999999999780e-02
5.290630000000001026e-02
7.050739150000000233e-02
2.448960650000000031e-02
3.141130999999999784e-02
2.840428714999999535e-02
2.744265815000000025e-02
6.395833100000000715e-02
3.330633000000000205e-02
4.706962400000000435e-02
6.751349900000000459e-02
5.071037500000000198e-02
4.943170000000000203e-02
8.105339999999999767e-02
4.710086150000000055e-02
3.383361149999999928e-02
3.934530499999999709e-02
1.862455999999999834e-02
3.807814500000000074e-02
8.973260000000000264e-03
2.632440000000000127e-02
3.445254999999999845e-02
2.056443999999999633e-02
4.761631999999999670e-02
7.721247000000000527e-02
7.165404000000000218e-02
2.710778999999999619e-02
2.627591999999999775e-02
2.428537999999999877e-02
2.858993999999999772e-02
6.343050000000001465e-02
5.978946000000000260e-02
2.824280499999999930e-02
1.723091499999999943e-02
5.082820500000000824e-02
4.721444000000000335e-02
3.839043500000000053e-02
3.491997000000000156e-02
2.174068549999999891e-02
4.384664899999999449e-02
2.454717550000000068e-02
4.124974499999999739e-02
5.112176500000000651e-02
6.497313999999999867e-02
4.827291299999998675e-02
3.731590255000000189e-02
1.517597295499999999e-01
4.396193000000000323e-02
6.038530000000000286e-02
1.173411999999999927e-01
3.491779999999998496e-02
9.023151000000000088e-02
5.695013500000000589e-02
4.465435000000000931e-02
5.201881500000000297e-02
6.238453999999999527e-02
2.339187999999999684e-02
2.286049999999999888e-02
7.577375000000000083e-02
5.241699999999999832e-02
5.029650000000000093e-02
6.401010000000000033e-02
3.377225000000000366e-02
1.014706599999999903e-01
3.835313999999999390e-02
6.660767500000000507e-02
6.727762499999999368e-02
6.941249999999998810e-02
5.800725000000000325e-02
6.511304999999999177e-02
5.754837399999999242e-02
6.283222599999999103e-02
8.553357600000000005e-02
8.492187400000000830e-02
6.592272999999999883e-02
1.163986000000000534e-02
3.372394300000001316e-02
4.703554800000001729e-02
9.107986499999999597e-02
3.082418999999999437e-02
6.264176999999999940e-02
7.297721000000001457e-02
4.056285999999999919e-02
8.119271000000001515e-02
8.005366999999999345e-02
4.152520999999999990e-02
1.596551000000000567e-02
3.156224000000000529e-02
2.818979999999999403e-02
2.627154999999999768e-02
3.112508499999999678e-02
4.426066499999999071e-02
2.547203349999999783e-02
3.010468650000001217e-02
4.449673099999999770e-02
1.107732099999999761e-02
4.341600200000000215e-02
5.564729999999998983e-02
5.081235000000000612e-02
4.251499000000000250e-02
7.154115999999999254e-02
3.031479999999999592e-02
2.478364999999999388e-02
3.993719999999997827e-02
3.635420000000000318e-02
7.685944999999999583e-02
8.845489999999998909e-02
5.170650000000000246e-02
2.938161999999999371e-02
1.393079700000000032e-01
6.291774999999999451e-02
4.055295000000000427e-02
6.198905000000000387e-02
4.502510000000000540e-02
6.056020000000000847e-02
3.784350000000000908e-02
4.359429999999999555e-02
7.338265000000000760e-02
3.086110000000000936e-02
1.183720500000000064e-01
1.700677000000000161e-01
1.962361950000000022e-01
1.130199550000000053e-01
1.612821449999999879e-01
5.936064800000000197e-02
1.244382470000000018e-01
5.166436000000000639e-02
3.940429999999998933e-02
6.326529999999999654e-02
6.169294999999999640e-02
4.493059999999999415e-02
3.433315000000000672e-02
4.025120000000000087e-02
1.019323000000000035e-01
8.303449999999999720e-02
1.073271499999999823e-01
1.094626100000000019e-01
1.297471599999999725e-01
1.242257999999999973e-01
6.048269999999997260e-02
7.254350000000002463e-02
5.529995000000001437e-02
4.274534999999999446e-02
4.053159999999998708e-02
3.303944999999998411e-02
6.030754999999998756e-02
6.152420000000000111e-02
7.274434999999998541e-02
4.129200000000000231e-02
5.657594999999997903e-02
6.393809999999999771e-02
6.135640000000000538e-02
1.014331000000000121e-01
8.300280000000001546e-02
8.651200000000000556e-02
5.578179999999997862e-02
