FramewiseDisplacement
7.578880000000001727e-02
9.885200000000003706e-02
5.627940000000000026e-02
4.656210000000001598e-02
4.392719999999999958e-02
3.285590000000000732e-02
6.865699999999999581e-02
5.592759999999998011e-02
4.267539999999998140e-02
4.900390000000003077e-02
5.129219999999999613e-02
3.837440000000001683e-02
5.773519999999999347e-02
9.006200000000003092e-02
4.724689999999998058e-02
1.061662000000000161e-01
1.098717999999999917e-01
1.059495999999999910e-01
4.270710000000001172e-02
4.673580000000002177e-02
7.772380000000000955e-02
4.876599999999998991e-02
7.292450000000001709e-02
4.171599999999997532e-02
7.129599999999998439e-02
4.496850000000001540e-02
2.744700000000000611e-02
3.933000000000001078e-02
2.002199999999998078e-02
7.129099999999999326e-02
4.645500000000002405e-02
6.429685000000001649e-02
6.639684999999999337e-02
3.756950000000001955e-02
6.361550000000001925e-02
6.233149999999999802e-02
3.345494999999998331e-02
5.593310000000000642e-02
3.645620000000002192e-02
4.195119999999998711e-02
5.123010000000000064e-02
5.038724999999999454e-02
5.455309999999997939e-02
2.483679999999998528e-02
4.217085000000000278e-02
2.870050000000001766e-02
4.964640000000001413e-02
2.718090000000001824e-02
4.341550000000002352e-02
3.185766100000000378e-01
1.506809550000000053e-01
1.158100850000000070e-01
5.571369999999999795e-02
6.585489999999999400e-02
5.521560000000000357e-02
5.901545000000000402e-02
5.922665000000001956e-02
2.379985000000000087e-02
2.502580000000000776e-02
1.554874999999998793e-02
3.848905000000000381e-02
4.497195000000000359e-02
5.426804999999998436e-02
6.203999999999999793e-02
5.395497999999999961e-02
3.520000999999999686e-02
1.702835350000000136e-01
1.553981250000000258e-01
7.647955000000002113e-02
4.397494999999999876e-02
4.520090000000000219e-02
3.690609999999999724e-02
4.938939999999998609e-02
4.153135000000000160e-02
5.706274999999998848e-02
3.679254000000000552e-02
5.432700900000000943e-02
2.033520100000001801e-02
3.230630000000001001e-02
4.329850000000001059e-02
5.186190000000000244e-02
3.643155000000000698e-02
6.818844999999999767e-02
4.493199999999999972e-02
5.691894999999999594e-02
4.187964999999999743e-02
3.752640000000000836e-02
5.331150000000001166e-02
2.683755000000000862e-02
9.356799999999991513e-03
3.391639999999999239e-02
3.910355000000000081e-02
2.457254999999999509e-02
3.618649999999998257e-02
4.144041999999997089e-02
3.206511999999998863e-02
3.847643299999999739e-02
1.388104299999999916e-02
3.227879000000001553e-02
4.501312700000001388e-02
2.579697699999999178e-02
1.745395000000000280e-02
9.133329999999999227e-02
1.818215800000000104e-01
7.888736999999998445e-02
6.746462699999999924e-02
6.312529699999999688e-02
5.973139000000000920e-02
2.167801499999998799e-02
3.024400499999998354e-02
1.890891999999999573e-02
3.081241000000000188e-02
5.234092999999999385e-02
8.196987999999999497e-02
2.193640300000000154e-01
6.484731999999998608e-02
3.405554999999998306e-02
4.372652000000000483e-02
7.159888999999999837e-02
4.230120999999999187e-02
5.105159999999998865e-02
4.753173399999999910e-02
3.477583399999999852e-02
1.719145000000000395e-02
2.512148999999999285e-02
2.870015000000000066e-02
5.772520000000000429e-02
5.263920000000001098e-02
3.054869999999999808e-02
3.761719999999999647e-02
3.532475000000000198e-02
5.586624999999999924e-02
5.506710000000000077e-02
2.033020000000000313e-02
2.851851999999999859e-02
3.978808999999999818e-02
5.185972999999999278e-02
1.778488000000000291e-02
3.255899999999999073e-02
2.360470999999999403e-02
3.125810999999999867e-02
6.596185999999999716e-02
1.941533800000000143e-01
8.241945500000000258e-02
5.473681519999998996e-02
5.466941519999999471e-02
8.229720000000000091e-02
4.798768999999999951e-02
3.426290500000001016e-02
4.614457000000000281e-02
2.246637000000000634e-02
3.062550000000000688e-02
4.544320000000000304e-02
2.922557000000000627e-02
9.580797000000002006e-02
5.345740000000000214e-02
5.530509999999998899e-02
1.739751700000000401e-01
1.339638949999999995e-01
6.001265499999999115e-02
5.760310500000000167e-02
5.690906000000000436e-02
3.797190500000000024e-02
2.844813499999999593e-02
3.155620999999999426e-02
6.902719000000000216e-02
2.288499999999999562e-02
3.439824999999999133e-02
8.815394999999999481e-02
4.478920000000001511e-02
6.600533499999999831e-02
5.662484500000000004e-02
6.178969500000000559e-02
4.782190000000000052e-02
6.726579999999998671e-02
6.705470500000000611e-02
6.147588000000000358e-02
5.044403500000001206e-02
4.931875000000000842e-02
5.754029999999998174e-02
5.745089999999999225e-02
1.215034999999999032e-02
3.930833500000000674e-02
9.583460000000000589e-02
1.780873099999999987e-01
8.339205999999999008e-02
8.276051499999999284e-02
4.185910499999999368e-02
3.399155499999999969e-02
4.329351500000000463e-02
8.390449999999999298e-02
5.404780500000000432e-02
3.249739500000001224e-02
4.018770499999999718e-02
3.156302500000000150e-02
4.322625849999999631e-02
4.736851650000000608e-02
3.573220000000000562e-02
2.439669500000000990e-02
3.122199999999999628e-02
4.975224500000000050e-02
3.856431999999999222e-02
4.433878000000000125e-02
2.898110899999999379e-01
1.784476499999999854e-01
8.560449000000000530e-02
3.753666000000000641e-02
3.940328300000000422e-02
5.234619300000000613e-02
4.005043999999998577e-02
5.397016999999999787e-02
5.070020999999998862e-02
5.213845500000000716e-02
7.534606500000001761e-02
6.420775000000000787e-02
2.538440000000000835e-02
4.386475000000000096e-02
5.467129999999999906e-02
2.183944999999999637e-02
4.083205000000000862e-02
3.789265000000002076e-02
5.728405000000000996e-02
2.251119999999999857e-02
2.786075000000000357e-02
1.987489999999999396e-02
6.994939999999999491e-02
1.873969999999999109e-02
3.411415000000000280e-02
1.679014999999999674e-02
5.800514999999999838e-02
2.200685000000000835e-02
2.861150999999999625e-02
2.123048200000000052e-01
8.504893000000000869e-02
3.162854999999999833e-02
3.210103999999999735e-02
1.805235000000000173e-02
6.113687999999999761e-02
5.131192000000000392e-02
3.283009999999999401e-02
3.403260000000000313e-02
4.742254999999999387e-02
2.140230000000000257e-02
6.201770000000000199e-02
2.535639999999999769e-02
3.007084999999998925e-02
5.635975000000000706e-02
6.503049999999999109e-02
7.693690000000000251e-02
4.757270000000000248e-02
3.794184999999999919e-02
8.531600999999998380e-02
4.651177299999999237e-02
4.754612299999999570e-02
6.485419400000000389e-02
1.587786700000000106e-01
1.159709400000000085e-01
9.680109999999998716e-02
1.224969599999999881e-01
4.907383199999998391e-02
5.899731199999999620e-02
3.073923000000000627e-02
4.262779000000001262e-02
4.332445000000000740e-02
6.530734999999998625e-02
4.994020999999998489e-02
8.451971000000001177e-02
4.848435000000000938e-02
2.222019999999999551e-02
4.150770000000000154e-02
8.708495000000000819e-02
8.299550000000001371e-02
5.259649999999999742e-02
4.209664000000000184e-01
9.084629999999997707e-02
8.148480000000001000e-02
7.241139999999998689e-02
9.332219999999999405e-02
4.078157999999999783e-02
5.228735000000001021e-02
3.528750500000001067e-02
8.236240000000000228e-02
6.133972499999998385e-02
2.832289999999999808e-02
6.670194999999999597e-02
3.888459999999999833e-02
8.092589999999999506e-02
4.537279999999999092e-02
3.202349999999999641e-02
