FramewiseDisplacement
1.112184000000000228e-01
6.745990000000001707e-02
4.709570000000003198e-02
6.852850000000000608e-02
4.804220000000000712e-02
4.351830000000000281e-02
5.965340000000000920e-02
4.201080000000001480e-02
4.777620000000002559e-02
5.123920000000001251e-02
6.594599999999978257e-03
3.248900000000002480e-02
7.153629999999996936e-02
4.627970000000000694e-02
5.087450000000004469e-02
4.755750000000004418e-02
1.979589999999999128e-02
6.079339999999999050e-02
5.316279999999996841e-02
4.617019999999998764e-02
3.646220000000004180e-02
5.755500000000000199e-02
4.069010000000001376e-02
2.850320000000000284e-02
3.846620000000000594e-02
3.544740000000003166e-02
5.016230000000002770e-02
7.272999999999997522e-02
8.832460000000000311e-02
7.324530000000004093e-02
3.619250000000001632e-02
4.562639999999998364e-02
3.264179999999999859e-02
6.683999999999996888e-02
6.136790000000001688e-02
7.543429999999999580e-02
6.095049999999997692e-02
5.169190000000004753e-02
9.312049999999999494e-02
2.328212000000000337e-01
5.860025000000000650e-02
2.915070000000000161e-02
5.307509999999999312e-02
5.576874999999999888e-02
6.409234999999999238e-02
6.362194999999998268e-02
6.191809999999998981e-02
6.895419999999999328e-02
6.338264999999999871e-02
5.134120000000002432e-02
8.384615000000002205e-02
6.530590000000001394e-02
4.550479999999999109e-02
7.233339999999999215e-02
4.787650000000001627e-02
5.143950000000001299e-02
8.352240000000002440e-02
4.294875000000000775e-02
4.752124999999998017e-02
6.205205000000001136e-02
4.574625000000000219e-02
7.184545000000000514e-02
5.549305000000000210e-02
3.043315000000000603e-02
4.272205000000001834e-02
4.012760000000002714e-02
4.843500000000000583e-02
5.467564999999999231e-02
8.006834999999998259e-02
1.303081499999999837e-01
1.587510999999999783e-01
9.547895000000000687e-02
5.117475000000000496e-02
4.980285000000000267e-02
4.741350000000000425e-02
4.318320000000001185e-02
4.344670000000000476e-02
4.473814999999999736e-02
3.392624999999997726e-02
2.534019999999999329e-02
4.900839999999999363e-02
6.914269999999998750e-02
6.653400000000000980e-02
5.289679999999999382e-02
1.199027100000000096e-01
8.101196000000000785e-02
7.147745999999999267e-02
2.901721000000001896e-02
1.178304499999999894e-01
1.537003999999999870e-01
6.480059999999998599e-02
8.190614999999998314e-02
9.388250999999998847e-02
8.546195500000000611e-02
5.960537499999999517e-02
4.037678499999999143e-02
5.741202550000000515e-02
5.821799050000001086e-02
5.173045000000000421e-02
1.399365999999999666e-01
1.374443399999999982e-01
7.015309499999999865e-02
7.120760499999999327e-02
5.436390000000000666e-02
1.291285000000000072e-01
1.218263399999999913e-01
6.127857899999999969e-01
3.880564999999999709e-01
1.593694499999999958e-01
9.082225000000000714e-02
7.723174999999998791e-02
7.317289999999999905e-02
6.033665000000000556e-02
1.046336499999999947e-01
9.265679999999999750e-02
3.915430000000000299e-02
5.352525000000000338e-02
6.724870000000000847e-02
4.793025000000000757e-02
5.982359999999997680e-02
9.028298999999999352e-02
3.112723999999999352e-02
6.343752499999999461e-02
1.282964750000000209e-01
8.498955000000001092e-02
8.678345000000001197e-02
6.978310000000001456e-02
1.202136000000000038e-01
1.545817499999999900e-01
6.781461999999999213e-02
6.555181999999999676e-02
6.989898000000002720e-02
2.642070000000002958e-02
2.558803000000000466e-02
1.391234000000000359e-01
1.053671500000000205e-01
3.612638700000000425e-01
2.713177800000000084e-01
5.726034919999999778e-02
3.481939580000000672e-02
6.686519500000000227e-02
4.036230500000000110e-02
7.775142500000001289e-02
6.352599000000000440e-02
4.939022499999999594e-02
4.748162499999999259e-02
4.544374999999999803e-02
2.919433600000000129e-02
5.390303600000000139e-02
4.448228799999999483e-02
4.882605799999999857e-02
3.111228499999999994e-02
4.307094499999999937e-02
2.331911500000000137e-02
1.780211749999999760e-01
5.560179000000000649e-01
3.377385499999999707e-01
8.425450000000000994e-02
8.591179999999999650e-02
1.064707500000000029e-01
3.426170000000001992e-02
2.641039999999999707e-02
3.679030000000000494e-02
1.734170000000000850e-02
2.087990000000000679e-02
4.205560000000001242e-02
4.949250000000000871e-02
3.988320000000000753e-02
4.631360000000000338e-02
4.256510000000000155e-02
2.939304999999999349e-02
4.232250000000000595e-02
1.521664299999999637e-01
4.692328000000001859e-02
3.501110000000000333e-02
5.233302999999996791e-02
6.059773999999999716e-02
5.055886999999999187e-02
4.388660000000001171e-02
1.426440499999999667e-01
9.499260000000003812e-02
6.205380000000000618e-02
6.643105000000001925e-02
4.509547000000001249e-02
5.322812000000001070e-02
5.800829999999999181e-02
3.923761000000001303e-02
2.705425000000000191e-02
4.299928000000000083e-02
3.063880999999996080e-02
5.269091999999996057e-02
5.275933999999999485e-02
2.182534000000000557e-02
4.376000000000003498e-02
4.186896000000001061e-02
2.234662000000001841e-02
4.506437099999999196e-02
3.583751100000000939e-02
2.645355000000001663e-02
7.656603999999997412e-02
6.751854999999999662e-02
1.497224999999999945e-02
2.727714999999998613e-02
3.230910000000000032e-02
3.202460000000001417e-02
3.020254999999998080e-02
4.800713999999996900e-02
4.346883999999998083e-02
6.450025000000002284e-02
1.076108100000000289e-01
3.768825999999999427e-02
3.230855000000004695e-02
4.049040000000003747e-02
3.543055000000002591e-02
2.739649999999995561e-02
4.558365000000004497e-02
6.537509999999999155e-02
6.057114999999996946e-02
4.458974999999997663e-02
6.714239999999999098e-02
5.180089999999999695e-02
3.425910000000000066e-02
4.262559999999997185e-02
6.882005000000003536e-02
4.154525000000006824e-02
5.194014999999999049e-02
6.666349999999998666e-02
4.755379999999997942e-02
5.389660999999998370e-02
5.002110999999997282e-02
2.036709999999998175e-02
4.065592000000002593e-02
4.974554540000003522e-02
1.033339846000000395e-01
2.852599999999999233e-02
4.349844999999998019e-02
5.124295000000001626e-02
6.426150000000002693e-02
2.262695000000000123e-01
3.703079199999999571e-01
4.128497799999999440e-01
3.128368000000000260e-01
6.828680000000000860e-02
6.467931500000000111e-02
6.339346499999998219e-02
6.957133599999999751e-02
6.445208599999999177e-02
5.338790000000000202e-02
6.785774999999999446e-02
5.466020000000000600e-02
3.939224999999996202e-02
4.836644999999999833e-02
5.868299999999999905e-02
6.902871999999998787e-02
1.024595199999999845e-01
3.715799999999998271e-02
7.137210000000000776e-02
3.370847000000001814e-02
5.771353000000001288e-02
5.396352000000001481e-02
2.048417000000001681e-02
2.625436000000000089e-02
5.278256000000002002e-02
5.169529999999997183e-02
3.733064999999998607e-02
4.070824999999998750e-02
2.038940000000003666e-02
2.525150000000000311e-02
2.489134999999999959e-02
3.374979999999997565e-02
2.568964999999997015e-02
1.774814999999997991e-02
3.435250000000000109e-02
3.798564999999997499e-02
5.171324999999998839e-02
7.481574999999998643e-02
3.983619999999997441e-02
3.621319999999999401e-02
2.878990000000003144e-02
1.954339999999999897e-02
5.452069999999999139e-02
4.624749999999996919e-02
6.083704999999994811e-02
6.156299999999993722e-02
6.692199999999999538e-02
6.300919999999995968e-02
5.284964999999997026e-02
5.424305000000004262e-02
5.882604999999999779e-02
