FramewiseDisplacement
3.041415500000000383e-01
1.524830000000000074e-01
1.265139000000000402e-01
1.119972500000001037e-01
1.083814000000000444e-01
1.325975000000001458e-01
2.299917999999999130e-01
8.601905000000004131e-02
8.965729999999995370e-02
7.986705000000007826e-02
1.815414000000001582e-01
1.018287500000000650e-01
1.152974499999999680e-01
3.647365000000010044e-02
8.497729999999978356e-02
1.056157000000000207e-01
1.931600000000001094e-01
1.703421000000001628e-01
7.312679999999999181e-02
3.190806999999999949e-01
1.465504000000001361e-01
5.979789999999995942e-02
8.085799999999994381e-02
6.081209999999998700e-02
3.626690000000008796e-02
8.779340000000003530e-02
5.626830000000006271e-02
1.345581999999999334e-01
1.197165000000000312e-01
5.551138000000006845e-02
8.463778000000010682e-02
8.130736000000002295e-02
6.466394999999995619e-02
8.988209000000008109e-02
1.160100199999999637e-01
7.926119000000010628e-02
8.234764000000004136e-02
5.559802000000000494e-02
8.798412999999997985e-02
1.298920000000000075e-01
1.105021999999999394e-01
4.599319999999999103e-02
1.029334000000000499e-01
5.377459999999996410e-02
3.731689999999998619e-02
7.184000000000000108e-02
1.642078400000000493e-01
1.025437200000000326e-01
1.134027399999999741e-01
9.505850000000000410e-02
9.860640000000010785e-02
7.760089999999997268e-02
1.186302999999999386e-01
1.407373999999999570e-01
1.140606000000000397e-01
6.565289999999995851e-02
7.727610000000001422e-02
3.668160000000000864e-02
5.323509999999996578e-02
3.344824000000000130e-01
3.532763000000000431e-01
2.225766000000000411e-01
3.683832499999999399e-01
1.226909500000000486e-01
7.764699999999999380e-02
7.656614999999999949e-02
5.963005000000003164e-02
7.121120000000001615e-02
4.454934999999998063e-02
8.623734999999992101e-02
4.664499999999999896e-02
6.435830999999998803e-02
4.315410999999998859e-02
8.790859999999990626e-02
3.722030000000001865e-02
2.647636999999999352e-01
1.460483000000000475e-01
9.084314999999999751e-02
5.182135000000000213e-02
6.586565000000001169e-02
6.345944999999995895e-02
6.418659999999995480e-02
6.381365000000002730e-02
6.148255000000001080e-02
5.781599999999993689e-02
9.191410999999995168e-02
7.533840999999999455e-02
1.001973999999999920e-01
3.976732999999999657e-02
2.959132999999995392e-02
7.608290000000002273e-02
9.074005000000000265e-02
8.461445000000002159e-02
6.728329999999999034e-02
8.737735000000002028e-02
5.865509000000000001e-02
1.904146399999999961e-01
3.666304499999999411e-01
2.263780499999999973e-01
1.462312500000000071e-01
3.113987699999999914e-01
4.550884299999999882e-01
2.057475800000000132e-01
8.650341999999999754e-02
7.217694999999998973e-02
1.263386499999999968e-01
1.093041399999999941e-01
3.130505000000001481e-02
4.837119000000001529e-02
6.027492000000002348e-02
8.135082999999998510e-02
4.960702000000000167e-02
6.022160000000000013e-02
4.361152000000000084e-02
5.930242999999998932e-02
4.297252999999999490e-02
1.667287199999999969e-01
8.747868400000000100e-02
4.063243599999999400e-02
1.098982799999999871e-01
2.114192500000000030e-01
2.286303999999999559e-01
1.271364000000000105e-01
5.929389999999998967e-02
6.142285000000000106e-02
2.603679999999999189e-02
3.945740000000001746e-02
7.070359999999997758e-02
2.856129999999997005e-02
3.356275000000000230e-01
2.002003200000000149e-01
1.021893700000000016e-01
1.011114699999999950e-01
1.646644899999999967e-01
1.590240199999999882e-01
1.357418699999999867e-01
8.486690999999998986e-02
9.578535999999999995e-02
6.690879799999999156e-02
4.446601599999999710e-02
6.607342199999997889e-02
3.160959999999999465e-02
6.544914999999999761e-02
8.389309000000000349e-02
1.076511310000000110e-01
1.252275969999999961e-01
1.777210000000000178e-01
8.271227999999998526e-02
8.364912000000002124e-02
5.390576000000001089e-02
7.373758999999999175e-02
5.244672999999999696e-02
7.079557400000000000e-02
5.699934899999999083e-02
6.327884500000000023e-02
9.706495000000001094e-02
3.726517000000000024e-02
2.506391000000000174e-02
4.293069999999999525e-02
3.835890999999998913e-02
1.236469969999999946e-01
2.125803069999999961e-01
1.554794019999999610e-01
6.606866200000000022e-02
1.260438300000000234e-01
8.697604000000000446e-02
2.626186400000000143e-01
9.025176000000000032e-02
1.258644700000000061e-01
9.604316000000001630e-02
4.683252999999999028e-02
8.880381000000001079e-02
9.949000000000000898e-02
6.140014999999999362e-02
6.907465000000000133e-02
3.833586500000000369e-02
4.199834000000000900e-02
7.328506500000001034e-02
7.284027999999999337e-02
7.255855000000001331e-02
7.885017000000001108e-02
4.775990000000000096e-02
7.062509999999999621e-02
1.222087399999999963e-01
3.210058999999999829e-02
3.578737999999999364e-02
6.887382000000000226e-02
5.110082000000000513e-02
6.499861999999999307e-02
1.284934500000000090e-01
9.657026000000000499e-02
1.176593000000000222e-01
3.622484999999998900e-02
7.623208999999998847e-02
6.132250000000000895e-02
1.094066799999999784e-01
1.244734499999999994e-01
8.690816999999999293e-02
6.472395000000000231e-02
5.620680000000000121e-02
7.872882499999998840e-02
8.097703400000000329e-02
1.499999989999999950e-01
6.950009000000000048e-02
1.381383700000000103e-01
9.428160000000000707e-02
4.513554999999998263e-02
7.962123999999999591e-02
5.856254699999999952e-02
6.175165700000000146e-02
2.418062200000000161e-01
3.700369999999999493e-01
4.420942999999999956e-01
2.262994500000000131e-01
1.850935499999999956e-01
1.155883999999999801e-01
5.300345000000000056e-02
6.468193000000002635e-02
1.446224299999999963e-01
1.036021999999999776e-01
1.670773500000000134e-01
1.091484409999999849e-01
3.275309900000000773e-02
4.438995999999995057e-02
1.022314499999999599e-01
4.255478499999999775e-02
3.316473500000000768e-02
4.275075999999998488e-02
6.084743000000002872e-02
5.877431500000001446e-02
4.400752000000000830e-02
4.041514999999998997e-02
7.160272499999999207e-02
6.484332000000000984e-02
9.209280000000001631e-02
4.554689999999998046e-02
8.441234499999999974e-02
7.279019500000001586e-02
1.481310000000002000e-02
7.993001999999999052e-02
5.471697000000003835e-02
6.144084999999997743e-02
7.464685000000001458e-02
9.038228000000000928e-02
1.017666200000000437e-01
7.370289999999996011e-02
6.582139999999996050e-02
1.083053499999999947e-01
6.235834999999997907e-02
6.740474999999999939e-02
7.936220000000000774e-02
9.372369999999997925e-02
5.291975000000002927e-02
1.007648000000000016e-01
1.815222500000000239e-01
3.529840499999999937e-01
1.840365000000000473e-01
2.067258000000000151e-01
9.287370000000000347e-02
8.295515000000001915e-02
6.537184999999999524e-02
4.581800000000001150e-02
7.681570000000005616e-02
5.895519999999999927e-02
1.158901500000000251e-01
1.004938000000000081e-01
7.135465000000000557e-02
9.209560000000001356e-02
9.927329999999998100e-02
4.094420000000002779e-02
1.837874999999999648e-01
1.990761999999999809e-01
1.518157499999999160e-01
1.286466149999999919e-01
1.937466649999999568e-01
3.133087000000000510e-01
3.076583500000000249e-01
4.019009500000000346e-01
1.925332499999999336e-01
2.531859000000000193e-01
1.593160499999999868e-01
1.853991500000000126e-01
1.111729000000000467e-01
1.357619000000000187e-01
1.015702499999999731e-01
2.331994999999997820e-02
6.264135000000006781e-02
4.664379999999999915e-02
4.035245000000003274e-02
