FramewiseDisplacement
1.719580000000000553e-01
9.574970000000000703e-02
3.374139999999999084e-02
1.232591999999999854e-01
1.079419999999999963e-01
2.368350000000000316e-02
5.624050000000001270e-02
6.108450000000011787e-02
6.911600000000006627e-02
3.860089999999998661e-02
7.602339999999999098e-02
4.690090000000000925e-02
6.854000000000000370e-02
6.927869999999999862e-02
4.230180000000002133e-02
2.249619999999999051e-02
7.598150000000000737e-02
5.978290000000002768e-02
5.923129999999998674e-02
5.837640000000002272e-02
8.587309999999996613e-02
6.659270000000000467e-02
7.036069999999999824e-02
4.242499999999999050e-02
2.428290000000001003e-02
3.817750000000000310e-02
5.564410000000001577e-02
4.256730000000003705e-02
1.793890000000005272e-02
5.254039999999998711e-02
5.877460000000001711e-02
3.472570000000000517e-02
5.045800000000003754e-02
4.385009999999998215e-02
5.338479999999997533e-02
6.657619999999996041e-02
3.768239999999997702e-02
6.401959999999998208e-02
5.976439999999998837e-02
4.097720000000001916e-02
6.237739999999998564e-02
3.770729999999999221e-02
6.683039999999999814e-02
6.469239999999996937e-02
5.745229999999999781e-02
1.523540000000002392e-02
2.732699999999999713e-02
9.192630000000003021e-02
1.144545000000000562e-01
6.876049999999996054e-02
2.140027000000000457e-01
6.640390000000000181e-02
7.075979999999996994e-02
5.770750000000000879e-02
2.168870000000000520e-02
6.032420000000002225e-02
4.987900000000003442e-02
6.369849999999994961e-02
2.623750000000005939e-02
6.117420000000000496e-02
7.927669999999996386e-02
5.351329999999999976e-02
6.464099999999996238e-02
5.549809999999999466e-02
4.930340000000002498e-02
3.979830000000005030e-02
3.774629999999998264e-02
3.056479999999994063e-02
4.919679999999999886e-02
7.131049999999999889e-02
6.080540000000001638e-02
5.087080000000000768e-02
3.741079999999999406e-02
6.183760000000002033e-02
4.407130000000000075e-02
6.526400000000000257e-02
6.435374999999998735e-02
5.359140000000001125e-02
7.461965000000000958e-02
4.255470000000000780e-02
2.740530000000001437e-02
5.062424999999999564e-02
3.174100000000001226e-02
1.518180000000000224e-02
6.557890000000000941e-02
3.159179999999999627e-02
8.904135000000001909e-02
7.598270000000000024e-02
7.522869999999999557e-02
1.264219000000000037e-01
1.730580000000000174e-01
9.738590000000001135e-02
4.094379999999998854e-02
2.140389999999999654e-02
4.960454999999999726e-02
2.438820000000000571e-02
5.055964999999998377e-02
3.624920000000000225e-02
4.235410000000000563e-02
4.012264999999998888e-02
3.662859999999996952e-02
6.174454999999998833e-02
4.943704999999999627e-02
4.232315000000001076e-02
4.128800000000002607e-02
4.204005000000000936e-02
9.811369999999999814e-02
1.125083500000000070e-01
5.331835000000001434e-02
4.800025000000001513e-02
6.284649999999999959e-02
4.358930000000001137e-02
4.582892000000000909e-02
5.198713000000002027e-02
7.429049999999999543e-02
3.167755000000001958e-02
4.581364999999999743e-02
2.068995000000000556e-02
5.983647999999999745e-02
1.901736949999999898e-02
2.215604950000000378e-02
2.846180000000000931e-02
4.779715000000000352e-02
5.223968999999999835e-02
1.578303999999999818e-02
5.278864500000000209e-02
6.025507500000000516e-02
3.057789000000000340e-02
1.409455999999999903e-02
2.008970000000000200e-02
3.388613000000000042e-02
3.397034000000000165e-02
2.761731000000000255e-02
3.371023999999999549e-02
5.227914999999999646e-02
3.105711499999999625e-02
1.598083499999999879e-02
1.940100000000000158e-02
1.715743999999999950e-02
2.352979999999999655e-02
3.744130300000000217e-02
2.986510300000000395e-02
3.423117000000000520e-02
6.608640999999999821e-02
4.812113700000000133e-02
2.251720300000000299e-02
7.236800799999999756e-02
1.068657320000000188e-01
1.068055300000000096e-01
2.484841999999999884e-01
1.329713800000000001e-01
6.486518200000000733e-02
1.019331970000000032e-01
5.404052300000000003e-02
5.982039800000000379e-02
4.979071400000001368e-02
3.702621300000000226e-02
4.547471299999999994e-02
6.676258499999999929e-02
5.798349099999999812e-02
4.369037700000000246e-02
3.271793800000000196e-02
2.400752500000000178e-02
6.983358800000000199e-02
3.147724200000000250e-02
2.434699499999999975e-02
4.361266974999999935e-02
2.158928025000000223e-02
3.272262999999999561e-02
5.377029399999999626e-02
1.299144099999999941e-02
5.319065699999998842e-02
4.234574500000000408e-02
2.562513799999999869e-02
3.334574800000000144e-02
4.047758099999999859e-02
7.123016499999999807e-02
5.888376999999999500e-02
3.661338000000000092e-02
6.309065500000000937e-02
4.771853499999999942e-02
1.623446999999999391e-02
3.262278999999999873e-02
8.804916999999998217e-02
3.974353999999999387e-02
2.536812499999999831e-02
5.017955200000000227e-02
8.653961200000001575e-02
2.440842105000001067e-02
3.366721104999999270e-02
3.157711999999999325e-02
1.802236500000000546e-02
2.683391800000000521e-02
1.010749799999998907e-02
3.341176999999999342e-02
1.930619500000000516e-02
1.374484450000000024e-01
2.058117199999999758e-01
4.985887999999998738e-02
2.760339000000001236e-02
5.504309000000000285e-02
3.016908000000000437e-02
3.122420000000000403e-02
5.581107999999999902e-02
7.469005999999997480e-02
8.702422999999998021e-02
7.542150000000000243e-02
6.502433750000000123e-02
8.462001249999999419e-02
9.139744499999999383e-02
4.757096999999999715e-02
2.042110000000000800e-02
3.571911300000001066e-02
1.409961699999999832e-02
1.977029999999999066e-02
3.355336399999998137e-02
3.571601199999997756e-02
2.897861699999999124e-02
2.109519999999999104e-02
1.891717000000001439e-02
3.017380000000000409e-02
3.100260000000001209e-02
2.224914000000000405e-02
2.331965100000000027e-02
3.113834099999999994e-02
2.011723999999999457e-02
2.793526499999998691e-02
3.409537500000000415e-02
4.697138499999999744e-02
6.084285000000000387e-02
6.598515000000000630e-02
6.996364999999998835e-02
4.571897999999999240e-02
2.727672999999999903e-02
4.396811000000001163e-02
2.903949999999998893e-02
9.812820999999999350e-02
1.415998899999999783e-01
5.964669999999998307e-02
2.983180000000000207e-02
3.386824999999998864e-02
4.465014499999999525e-02
2.811197499999998697e-02
7.861596999999997948e-02
9.838193000000000632e-02
1.755847000000000657e-02
3.195231999999997852e-02
4.306588999999998169e-02
4.610790000000000027e-02
4.953135000000000177e-02
4.378334000000000392e-02
5.367004000000000913e-02
1.236532999999999938e-01
6.269782000000000133e-02
4.941345100000000407e-02
3.164954099999998938e-02
3.191969999999999530e-02
3.644375000000001086e-02
4.602588000000000512e-02
2.345313999999999732e-02
4.551437999999999318e-02
2.679728999999999445e-02
2.769733000000000264e-02
3.520701999999999166e-02
5.016742999999999897e-02
3.229702000000000267e-02
2.814464999999999328e-02
3.694974000000002257e-02
2.344073999999999117e-02
4.753723999999999450e-02
4.589959999999999180e-02
7.124145999999999257e-02
5.583181999999999034e-02
7.060389000000003024e-02
4.497383220000000792e-02
5.191601779999997779e-02
4.778950999999997951e-02
7.247927000000001230e-02
3.986023000000000344e-02
3.947043999999996777e-02
3.851101999999997916e-02
3.307190000000002211e-02
4.738533500000001453e-02
5.731825499999999851e-02
4.103064999999998796e-02
5.295468000000000397e-02
5.437914999999999416e-02
3.368545000000000567e-02
3.076695000000000818e-02
