FramewiseDisplacement
8.857100000000001083e-02
5.722089999999997040e-02
9.093871000000003368e-02
7.677121000000003415e-02
6.213040000000000229e-02
4.428871000000000197e-02
1.041815100000000188e-01
5.928100000000002118e-02
2.389410000000002920e-02
4.771240000000000203e-02
4.897120000000001333e-02
7.734378000000000086e-02
8.835738000000002701e-02
5.936977000000001614e-02
4.143292999999999976e-02
9.603130999999998085e-02
8.685134999999999383e-02
6.361565999999997667e-02
5.317954000000003206e-02
5.953413999999995765e-02
1.126279000000000169e-02
7.298396579999998079e-02
4.431286719999998069e-02
2.127214300000000724e-02
5.939410000000000522e-02
6.683104999999998908e-02
3.184285000000001975e-02
6.599254999999998317e-02
5.562123999999996071e-02
1.597107999999998473e-02
2.744740000000001762e-02
4.225322999999998885e-02
8.865329999999999044e-02
4.512089999999999851e-02
8.097493999999999525e-02
8.602914000000000394e-02
4.662332000000000282e-02
9.437973999999994812e-02
1.355616000000000043e-01
1.481417000000000428e-01
1.128790100000000157e-01
7.227651000000000214e-02
9.306846000000000563e-02
9.954985999999997615e-02
5.445740999999997695e-02
3.233000999999999237e-02
6.337559999999997640e-02
7.691600999999999300e-02
3.974209000000000075e-02
9.255038000000000153e-02
7.436955999999998734e-02
3.208513999999998423e-02
1.075776000000000093e-01
1.210968300000000025e-01
8.788023000000000362e-02
1.038851999999999970e-01
8.746601000000001069e-02
4.366003999999997637e-02
7.647076999999999347e-02
1.045378999999999892e-01
8.382900000000000074e-02
3.556705000000001671e-02
4.515085000000000626e-02
5.785119000000001760e-02
3.187099000000000182e-02
5.626360000000002470e-02
5.782048000000000743e-02
3.611972999999998879e-02
4.023564000000001001e-02
2.588416999999999801e-02
4.184335999999999611e-02
3.653155999999999071e-02
7.137899999999999801e-02
5.490629999999999816e-02
2.663880000000000414e-02
7.100707000000000546e-02
8.581497000000000430e-02
7.925649999999999362e-02
7.566259000000000179e-02
1.288352599999999792e-01
1.584649499999999656e-01
1.097598999999999797e-01
1.069255999999999818e-01
9.175169999999996384e-02
5.659517000000000714e-02
6.153382999999999076e-02
9.237267999999998480e-02
9.581999999999998852e-02
6.441675000000000872e-02
6.247663999999998607e-02
5.438742300000000418e-02
6.748604699999999346e-02
8.078272999999999704e-02
4.346373000000000597e-02
5.661575999999998721e-02
6.247004999999998531e-02
6.979132000000000391e-02
6.705477999999999439e-02
9.983019999999999394e-02
8.428799999999998793e-02
6.793312999999999435e-02
4.814137000000000277e-02
4.752598000000000933e-02
6.910629000000000077e-02
6.347704000000001234e-02
3.280592999999999704e-02
6.633415750000000444e-02
9.461645750000000077e-02
8.894527999999998769e-02
8.157099500000000725e-02
5.125106500000001924e-02
4.752811000000001229e-02
6.427305000000001212e-02
3.336267999999999179e-02
6.994494999999999185e-02
7.309722999999999915e-02
5.506639999999999452e-02
7.848953899999999706e-02
1.516902389999999767e-01
1.299897600000000097e-01
6.962896999999999836e-02
1.082817699999999994e-01
1.198681299999999894e-01
1.108889700000000034e-01
7.834351999999999983e-02
9.367844999999998257e-02
7.096005999999999148e-02
2.446692999999998397e-02
8.357738000000000667e-02
6.507956000000000851e-02
3.229256000000001181e-02
5.401856999999999492e-02
6.546372999999999776e-02
6.770708000000000282e-02
4.160775999999997976e-02
5.144024999999999292e-02
4.462259999999999144e-02
9.367796500000000193e-02
4.914384499999999850e-02
7.889123999999998749e-02
6.686538499999999940e-02
7.543965500000000823e-02
6.727566000000000102e-02
9.339765499999998222e-02
5.563968299999999534e-02
1.726791380000000098e-01
4.333170000000000077e-02
1.131589600000000029e-01
4.873727999999998700e-02
3.708665999999999352e-02
4.334112000000000381e-02
6.631122000000000405e-02
5.238762999999998365e-02
7.457867999999998054e-02
8.955104999999999316e-02
9.609415000000000318e-02
7.219579999999999054e-02
6.156875000000000542e-02
3.785030000000000339e-02
5.089384999999999049e-02
3.284990000000000132e-02
6.339746500000000007e-02
3.112491500000000300e-02
6.705731000000000885e-02
7.445090000000000041e-02
5.640856000000000342e-02
7.148249999999999049e-02
5.729132730000000007e-02
3.365819730000000481e-02
3.952042999999999529e-02
9.653758999999999257e-02
7.444577999999998918e-02
5.981062999999999658e-02
5.399248000000000242e-02
6.912799499999999764e-02
6.114215500000000358e-02
6.410071500000000255e-02
3.460586499999999954e-02
1.142272600000000110e-01
7.251636000000000193e-02
5.282800000000001384e-02
3.956430000000000363e-02
7.564863559999999987e-02
7.831093559999999232e-02
8.332572999999998675e-02
5.894305130000000725e-02
6.604478129999999392e-02
7.015625000000000333e-02
4.230070000000000358e-02
5.266319999999999335e-02
7.260195999999999317e-02
7.741098999999999897e-02
7.863153999999999977e-02
1.104230299999999915e-01
8.813587000000000504e-02
7.353512000000000937e-02
8.002208499999999280e-02
7.200054999999999650e-02
6.632944000000000340e-02
7.292318849999999963e-02
6.122538649999999943e-02
9.674776000000000209e-02
4.071581000000000505e-02
8.734424999999998440e-02
9.075530000000001096e-02
1.256603400000000093e-01
1.058849999999999202e-02
6.001429999999999265e-02
5.879045999999999578e-02
1.063463799999999904e-01
9.810518999999998102e-02
7.322615000000001761e-02
1.614620410000000006e-01
1.090173409999999898e-01
7.833619999999999473e-02
9.157046999999997328e-02
1.848021799999999826e-01
1.206123999999999807e-01
5.456380000000000952e-02
9.465989999999999127e-02
2.118059999999999388e-02
2.857239999999999780e-02
8.485779499999999975e-02
3.780024499999999621e-02
6.284537499999999499e-02
7.207125999999998422e-02
5.086633499999999863e-02
3.964899999999998981e-02
4.045092999999999606e-02
2.411142999999997885e-02
4.261507999999999269e-02
7.809586999999998391e-02
7.732992000000001032e-02
2.538207100000000258e-02
5.419631099999999702e-02
8.479798000000000890e-02
3.997641000000000389e-02
4.689137999999998946e-02
4.969019999999998299e-02
3.852646999999996547e-02
4.296148999999999107e-02
3.326644500000000559e-02
6.246309999999999363e-02
6.148233500000000601e-02
5.566834999999999145e-02
8.091202000000000116e-02
6.074810000000001320e-02
2.079167999999997907e-02
3.766669999999999741e-02
5.833254499999999260e-02
5.126903499999999059e-02
3.693224999999999286e-02
2.167252499999999804e-02
2.134989000000000678e-02
5.034115999999999591e-02
4.283160499999999482e-02
2.218159000000000450e-02
3.148920999999998971e-02
5.880100000000000604e-02
6.129864999999998926e-02
3.879839999999998984e-02
4.930434499999999248e-02
4.145584499999999117e-02
4.237865000000000382e-02
3.822314999999999047e-02
6.088860000000000106e-02
5.326390000000000985e-02
7.380634999999999279e-02
5.953770000000000590e-02
2.332464999999997457e-02
4.788080000000000808e-02
3.622614999999998475e-02
3.186259999999999787e-02
8.150099999999993461e-03
4.751334999999998199e-02
5.409299999999998831e-02
4.223670000000001590e-02
3.143829999999998154e-02
4.874974999999998754e-02
3.310034999999998673e-02
6.389264999999999528e-02
7.538525000000000087e-02
6.228564999999998408e-02
4.847880000000001632e-02
5.044290000000000579e-02
5.137020000000001169e-02
7.054725000000000579e-02
2.867395000000000360e-02
4.643724999999999242e-02
