FramewiseDisplacement
7.438600000000002155e-02
4.245289999999999481e-02
5.115249999999999658e-02
6.963550000000001683e-02
7.722690000000001498e-02
5.793069999999998082e-02
5.430380000000000623e-02
7.280235000000001566e-02
8.801704999999998558e-02
6.073219999999999313e-02
2.849520999999999860e-01
2.000680999999999710e-01
8.707765000000000644e-02
1.264528499999999778e-01
7.996144999999996172e-02
1.262807499999999972e-01
5.558799999999998465e-02
9.719420000000000837e-02
1.272084000000000270e-01
1.582778500000000255e-01
1.531822499999999920e-01
6.043519999999998060e-02
2.010350000000001719e-02
1.114443999999999713e-01
1.179626000000000147e-01
1.678514000000000117e-01
1.402511000000000174e-01
7.859640000000003845e-02
1.432319000000000231e-01
1.826960000000000250e-01
2.330071000000000225e-01
1.237590999999999969e-01
4.324850000000000916e-02
6.138549999999999562e-02
9.436799999999997968e-02
9.652649999999997343e-02
1.070244999999999669e-01
1.402999000000000052e-01
1.046529999999999822e-01
1.628619000000000594e-01
1.044601000000000141e-01
4.834059999999996277e-02
1.889115999999999851e-01
2.447282999999999820e-01
1.788109999999999700e-01
1.377577999999999858e-01
2.892002499999999920e-01
1.960372499999999962e-01
1.055801999999999852e-01
3.982647149999999914e-01
2.084631249999999991e-01
2.209824400000000022e-01
5.320000999999998509e-02
5.964413000000000353e-02
3.303942300000000110e-01
5.233978200000000136e-01
4.043721200000000016e-01
1.714210400000000245e-01
8.661804000000000725e-02
2.047147499999999731e-01
7.483973000000003484e-02
2.023781299999999894e-01
2.224944000000000088e-01
1.443798999999999499e-01
7.483930000000001137e-02
1.160404499999999894e-01
8.238473500000000060e-02
6.593774000000003632e-02
9.056632499999998920e-02
1.019497000000000181e-01
1.336906599999999889e-01
1.071967599999999743e-01
4.768725000000000741e-02
2.430854299999999635e-01
1.610112399999999999e-01
3.058446600000000459e-01
2.204059799999999736e-01
2.163699299999999881e-01
2.101493499999999848e-01
1.884000799999999698e-01
1.684600799999999843e-01
1.311753200000000119e-01
2.857852300000000012e-01
1.520647899999999775e-01
1.717640100000000225e-01
1.164488600000000151e-01
1.695663200000000204e-01
1.091804300000000227e-01
7.859539999999999582e-02
6.217809999999998616e-02
2.091502599999999767e-01
2.192279000000000033e-01
1.761501299999999881e-01
1.640374500000000291e-01
1.728114949999999816e-01
2.592179250000000157e-01
1.710903999999999758e-01
1.534244700000000072e-01
1.476252600000000081e-01
7.624289000000000760e-02
6.363750999999999436e-02
9.508599000000002299e-02
1.355413900000000116e-01
1.875462999999999991e-01
1.250674250000000098e-01
1.110378850000000028e-01
1.526716499999999921e-01
1.792804199999999681e-01
1.848308550000000161e-01
9.083685500000000801e-02
7.222948999999997954e-02
1.021981442599999845e-01
5.414396425999998957e-02
6.745146999999999948e-02
5.975322000000000272e-02
4.752558999999999950e-02
1.187595100000000126e-01
1.498690599999999984e-01
1.049870700000000157e-01
9.198803499999998190e-02
6.724645999999999402e-02
1.577516549999999906e-01
2.670467999999999731e-01
1.552447500000000424e-01
1.600468649999999826e-01
1.127887649999999853e-01
2.188744300000000087e-01
2.601501699999999584e-01
4.192642699999999945e-01
2.314557600000000104e-01
3.191857200000000616e-01
2.684913300000000280e-01
5.822126480000000548e-02
3.648349979999999937e-02
1.003335199999999955e-01
4.187283500000000408e-02
2.342840499999999659e-01
1.314849000000000157e-01
2.645313000000000525e-02
8.178344999999999365e-02
1.494682200000000127e-01
1.465461899999999928e-01
1.503839914999999805e-01
1.540828085000000014e-01
1.141690949999999982e-01
1.823300400000000265e-01
1.135770799999999969e-01
1.911104149999999502e-01
1.156321600000000116e-01
7.964846500000000162e-02
9.882911499999999516e-02
5.098916500000000990e-02
9.398295499999999303e-02
2.890265000000000195e-01
1.671664899999999732e-01
1.490914000000000128e-01
2.160549449999999982e-01
1.451381350000000570e-01
1.119998849999999796e-01
1.268990249999999986e-01
1.186014450000000137e-01
1.377427399999999746e-01
2.358419549999999920e-01
2.050813549999999930e-01
1.821635100000000007e-01
2.428910349999999774e-01
1.926634600000000086e-01
5.439168500000000211e-02
1.929224449999999980e-01
2.377003949999999810e-01
2.272689950000000014e-01
1.520000219999999846e-01
1.347222720000000040e-01
1.285261500000000057e-01
1.762374500000000177e-01
2.186327500000000146e-01
1.764160559999999878e-01
1.290508059999999901e-01
1.018288499999999985e-01
9.277884999999999605e-02
1.141676600000000041e-01
1.496189099999999939e-01
1.139959300000000092e-01
1.265004900000000210e-01
1.205812100000000081e-01
9.087520000000000320e-02
3.163449499999999165e-02
1.217021449999999699e-01
1.397517449999999828e-01
9.457129499999998579e-02
7.955065000000000053e-02
1.096590949999999981e-01
5.988084500000000199e-02
8.959065000000002166e-02
6.993028999999999218e-02
4.973568199999998940e-02
1.015863080000000002e-01
1.182765300000000047e-01
1.047204199999999946e-01
4.909694500000003070e-02
1.089584150000000029e-01
1.484193200000000212e-01
1.476347330000000180e-01
2.054666170000000180e-01
1.646927000000000252e-01
1.576057499999999889e-01
1.723882500000000206e-01
1.506310369999999954e-01
1.024322569999999849e-01
1.003288059999999787e-01
1.544411640000000197e-01
3.543834349999999689e-01
1.413448350000000020e-01
9.602172000000000485e-02
9.977422000000003843e-02
2.459554999999998340e-02
1.475276000000000087e-01
6.776051400000000779e-02
7.518600400000000072e-02
1.220544199999999690e-01
1.548546099999999759e-01
9.609293000000000695e-02
1.142776499999999806e-01
1.459730300000000036e-01
1.261316300000000223e-01
1.006944249999999902e-01
6.636184500000004427e-02
9.789493000000004663e-02
1.409123600000000143e-01
1.076188099999999676e-01
9.079786599999997709e-02
1.319150159999999961e-01
1.453977000000000186e-01
9.869683500000001053e-02
1.020384449999999915e-01
8.291691999999999119e-02
1.030470199999999892e-01
9.288065999999998990e-02
6.753042000000002154e-02
7.541592000000001128e-02
1.058421999999999835e-01
2.636072500000000152e-01
2.035068150000000353e-01
1.724755649999999696e-01
1.338929199999999431e-01
9.508102999999996918e-02
9.292885300000001958e-02
1.774936030000000275e-01
1.039959749999999905e-01
2.448505850000000650e-01
3.509724599999999861e-01
2.922365000000001212e-01
1.902770500000000586e-01
1.975043800000000627e-01
2.890137800000000534e-01
2.059285500000000435e-01
8.835654999999997816e-02
2.074182000000000803e-01
1.580057500000000281e-01
9.128535000000001509e-02
1.230137700000000084e-01
1.167985425000000188e-01
3.688739375000000820e-01
3.015331500000000275e-01
1.231752000000000541e-01
3.883998999999999646e-01
2.617633999999999794e-01
7.158140000000007275e-02
8.288579999999996784e-02
1.762243500000000018e-01
1.490772000000000208e-01
9.863340000000000996e-02
7.845310700000002191e-02
1.457882470000000652e-01
1.857016400000000012e-01
1.697240300000000257e-01
2.925950000000001119e-02
7.235555000000000458e-02
9.383180500000007362e-02
5.163241500000002870e-02
1.179571399999999742e-01
1.374636329999999462e-01
8.157574299999995060e-02
7.897739999999998928e-02
6.603624300000000835e-02
1.873218469999999858e-01
1.305915049999999411e-01
8.769523799999999480e-02
1.111887269999999733e-01
