FramewiseDisplacement
4.449520000000001946e-02
8.073514999999997777e-02
4.333560000000002271e-02
3.592714999999996328e-02
7.212480000000004443e-02
2.731470000000003201e-02
7.057259999999995759e-02
3.061549999999998301e-02
3.995209999999997652e-02
1.029274100000000247e-01
8.187785999999998288e-02
3.419365999999998684e-02
6.704855500000000967e-02
6.364670499999998399e-02
4.985387999999998931e-02
3.894627999999998591e-02
5.763383000000002476e-02
6.907902999999999960e-02
4.647142999999998025e-02
1.089368000000000142e-01
1.497126500000000027e-01
5.154200000000001142e-02
4.771979999999997196e-02
4.174649999999999195e-02
4.600644000000000261e-02
4.678323999999999677e-02
3.122629999999997769e-02
8.277140999999998972e-02
7.904610999999998888e-02
5.295229999999997994e-02
8.671009999999998441e-02
5.030049999999997717e-02
3.891715000000003921e-02
3.240614999999997387e-02
5.140484999999998111e-02
5.383469999999999922e-02
4.856709999999999500e-02
1.384560999999999986e-01
7.160360000000000336e-02
4.518524000000001539e-02
6.570975999999999206e-02
9.303077500000000999e-02
4.648607500000000170e-02
3.336017000000000149e-02
2.691847500000002502e-02
5.103389500000000967e-02
4.392037499999998373e-02
5.675527499999998698e-02
3.840644999999999476e-02
4.842259999999999620e-02
4.341399999999999426e-02
8.955714999999998815e-02
4.920954999999999080e-02
2.822365000000000290e-02
5.704990000000001449e-02
3.332175000000001108e-02
1.629765499999999978e-01
1.642601500000000214e-01
7.172300000000000897e-02
2.738789999999999975e-02
1.608706999999999776e-01
8.037250000000004113e-02
8.700052999999996484e-02
1.019582300000000108e-01
1.733792000000000111e-01
2.479477000000000209e-01
1.384360000000000035e-01
9.768440000000001844e-02
1.131561700000000281e-01
1.328462699999999608e-01
1.288989000000000384e-01
1.045539000000000190e-01
6.363619999999997612e-02
3.677460000000000451e-02
9.715110000000000412e-02
1.156068999999999847e-01
5.782560000000000477e-02
2.626629999999999937e-02
2.800204999999999361e-02
3.517360000000001319e-02
4.371855000000000185e-02
5.957270000000000620e-02
5.421439999999999593e-02
6.097230000000000705e-02
8.457480000000000553e-02
4.352534999999999044e-02
9.178237000000000201e-02
4.771919000000000161e-02
7.311110999999999305e-02
4.692610000000000531e-02
8.547799000000000369e-02
9.672270000000000867e-02
2.473800000000000304e-02
5.800374999999999975e-02
1.543918500000000249e-01
6.478355000000000918e-02
1.333794599999999775e-01
8.625178999999999485e-02
1.305606300000000108e-01
1.167146700000000203e-01
8.138397399999999782e-02
3.680328399999999167e-02
6.144990999999999648e-02
1.500582199999999922e-01
9.745409999999998796e-02
1.432558099999999834e-01
9.482356000000001506e-02
3.882445499999997995e-02
2.473030499999999410e-02
6.037289000000001238e-02
1.073718142000000125e-01
3.834523420000000848e-02
2.823987410000000642e-02
4.322793410000000391e-02
7.137478999999996576e-02
3.375260000000000066e-02
5.202944000000000319e-02
4.907733000000000234e-02
5.634855750000001412e-02
6.035048250000001058e-02
3.925517000000000589e-02
4.292516999999999167e-02
4.170030499999999307e-02
9.107250499999998417e-02
6.175413000000000430e-02
9.338297000000000958e-02
3.317260000000000347e-02
3.279913500000000010e-02
3.315738500000000449e-02
2.269938999999999985e-02
3.659619000000000066e-02
5.914751499999999079e-02
3.682840499999999462e-02
6.069183000000000217e-02
4.528631000000000323e-02
7.332545000000000035e-02
3.622174499999999270e-02
3.214004500000000597e-02
2.820160050000000002e-02
3.595401450000000609e-02
4.023480499999999155e-02
3.944874500000000728e-02
7.292252000000000456e-02
4.334834199999999804e-02
4.134363199999999822e-02
3.151903799999999922e-02
5.078060300000000055e-02
3.247673000000000226e-02
5.253651999999999628e-02
3.051072999999999980e-02
5.319751000000000341e-02
2.101458000000000145e-02
2.017539499999999875e-02
2.106753199999999646e-02
3.165985699999999958e-02
5.555022000000001126e-02
4.440592000000000150e-02
3.423034999999999273e-02
4.754346500000000003e-02
5.486565499999999929e-02
5.820574999999998667e-02
5.056784999999999752e-02
7.890517000000001058e-02
3.803096000000000254e-02
5.271026000000000183e-02
5.026319000000000620e-02
7.309643000000000390e-02
4.036250000000000254e-02
6.438501000000000640e-02
8.309823999999998989e-02
1.021180500000000019e-01
7.168962000000000945e-02
6.964279999999999082e-02
7.675209000000000892e-02
5.724982499999999030e-02
5.946304499999999910e-02
6.357506500000000005e-02
5.885579500000000241e-02
6.713387499999999564e-02
1.125465599999999761e-01
9.518997500000001000e-02
5.525637800000000877e-02
2.759312800000000149e-02
5.410477999999999815e-02
8.667050000000000795e-03
6.809048000000000878e-02
5.121517500000000167e-02
4.959855999999999293e-02
6.252115499999999493e-02
7.955997000000000763e-02
7.346667999999999255e-02
3.043134000000000464e-02
7.170366499999999976e-02
9.585158500000001691e-02
1.053214350000000188e-01
7.801153499999999297e-02
4.772169999999999884e-02
3.225749999999999451e-02
3.348655000000000381e-02
6.629856000000000638e-02
4.984216000000000341e-02
2.589379999999999807e-02
2.528319500000000136e-02
4.380399500000000529e-02
6.532672499999998827e-02
6.828747500000000026e-02
3.698170000000000623e-02
6.234940000000000621e-02
8.180495000000000128e-02
5.838280000000000552e-02
7.713085000000001468e-02
3.529900000000000398e-02
6.026154999999999012e-02
2.138405000000000861e-02
4.182071500000002218e-02
3.535311500000000440e-02
4.762430700000000461e-02
4.734715699999998695e-02
4.733418499999998696e-02
7.725376500000000202e-02
7.788014999999999521e-02
9.095440000000000469e-02
4.388069999999999471e-02
6.678219999999998602e-02
3.511774999999998231e-02
7.973729999999999707e-02
4.329420000000000490e-02
5.382649999999999935e-02
4.384184999999999471e-02
5.135309999999999181e-02
1.029496000000000022e-01
6.668529999999998903e-02
3.463119999999998699e-02
5.852440000000000420e-02
4.326750000000000040e-02
3.875290000000002066e-02
1.030120000000000202e-01
8.479979999999999463e-02
7.193144999999998013e-02
3.435940000000001215e-02
8.985505000000001963e-02
8.122240000000001403e-02
5.727119999999999433e-02
4.351689999999999725e-02
4.479484999999999717e-02
6.531844999999998624e-02
6.503209999999999547e-02
5.889160000000001616e-02
3.689515000000000849e-02
1.366137000000000046e-01
7.523724999999997776e-02
1.226434500000000011e-01
9.602844999999998743e-02
2.136673000000000738e-02
6.938316999999999402e-02
5.410875000000000407e-02
5.872499999999998554e-02
1.278206500000000079e-01
6.777163199999999832e-02
9.133156800000000186e-02
9.500329999999999886e-02
1.618604500000000168e-01
1.120783500000000071e-01
5.263482500000002395e-02
7.346982500000001637e-02
5.614580000000000959e-02
3.637060999999999766e-02
3.558640000000001802e-02
5.035695999999998534e-02
5.633014999999999550e-02
4.277419999999997752e-02
6.097259999999997404e-02
7.353759999999998076e-02
7.159354000000002494e-02
4.726723999999998121e-02
6.602780000000002536e-02
8.561615000000000197e-02
6.434299999999998354e-02
7.372444999999998305e-02
8.998735000000002149e-02
8.547494999999999399e-02
4.909299999999999775e-02
4.237010000000001470e-02
1.042375450000000425e-01
7.087323999999999014e-02
6.133540000000001213e-02
7.029836000000000418e-02
6.569851499999999900e-02
8.045370000000000299e-02
