FramewiseDisplacement
1.551176999999997197e-01
9.588599999999980472e-02
2.016957000000000333e-01
3.542938500000000213e-01
2.085619499999999404e-01
1.430802999999998271e-01
1.093182000000000181e-01
1.416609000000001173e-01
9.658329999999989979e-02
1.549920000000000186e-01
8.172129999999996897e-02
1.447535000000000072e-01
1.330957500000000404e-01
6.952594999999996139e-02
1.825108000000000841e-01
7.684969999999988199e-02
1.243053499999999673e-01
7.725005000000015332e-02
1.004886500000001792e-01
8.329168999999997380e-02
1.788545399999999785e-01
1.533943999999997920e-01
6.477685000000001081e-02
6.301560000000006045e-02
1.567932000000000770e-01
2.416495500000000463e-01
1.890366999999999187e-01
1.826436000000000170e-01
1.615524999999999323e-01
2.661114999999999453e-01
1.805205500000000018e-01
1.899055499999999785e-01
1.564165000000000694e-01
7.865250000000001407e-02
2.972045000000001491e-01
1.453750000000000042e-01
1.819634999999999725e-01
5.180049999999995075e-02
1.229524999999999924e-01
1.639507500000000340e-01
7.514555000000014418e-02
1.144924000000000497e-01
7.737610000000011423e-02
1.349733500000001307e-01
3.411588500000000690e-01
3.246264499999998443e-01
1.485432000000000141e-01
2.342752500000000460e-01
1.816074499999998371e-01
2.334250500000001616e-01
3.654055999999999971e-01
1.407709000000000599e-01
1.035765000000001546e-01
7.518899999999983930e-02
8.030049999999992749e-02
5.160650000000014531e-02
1.037004999999999594e-01
1.178999999999999077e-01
9.284999999999984932e-02
2.236540000000000195e-01
1.207890499999997869e-01
1.413384999999998948e-01
3.283312449999999938e-01
1.451967950000000174e-01
2.081902700000000939e-01
3.823120700000000594e-01
3.591135999999998663e-01
2.380795000000000272e-01
1.501679999999998849e-01
5.432450000000008800e-02
1.801115000000001187e-01
6.690249649999999715e-01
1.070399035000000110e+00
3.698679999999999746e-01
1.820640000000001146e-01
3.848888999999999783e-01
1.012723999999999014e-01
1.441466999999999610e-01
2.652077000000000462e-01
1.458445000000000158e-01
6.103130000000001054e-01
2.551265000000000338e-01
8.186299999999988031e-02
4.901750000000005408e-02
1.122125000000000206e-01
7.916299999999998338e-02
1.145629999999999149e-01
3.961799999999999350e-02
7.176199999999989532e-02
1.363385000000001124e-01
1.320805000000001284e-01
1.393299999999999261e-01
1.481854999999999700e-01
2.081524999999999903e-01
2.776234999999999120e-01
1.001324999999999438e-01
1.477894999999999626e-01
1.152705000000000535e-01
2.233230000000000492e-01
3.242434999999999623e-01
5.500448600000000798e-01
2.185361000000000664e-01
1.271105700000000616e-01
1.094657099999999522e-01
7.682960000000001177e-02
1.336587999999999943e-01
1.769489999999999674e-01
1.024873000000000173e-01
1.005725599999999914e-01
7.360545999999994204e-02
2.725920799999999034e-01
3.059186199999999745e-01
2.820066000000000517e-01
2.734233999999999831e-01
8.370410000000001738e-02
1.849602999999999942e-01
2.111166999999999905e-01
1.697578999999999616e-01
5.466227999999999643e-01
2.696849000000000052e-01
1.935107699999999986e-01
3.341898400000000158e-01
2.979442199999999819e-01
1.449336049999999931e-01
3.540197449999999968e-01
5.180721999999999827e-01
1.811014300000000077e-01
1.688816600000000168e-01
1.832937999999999790e-01
1.554588600000000043e-01
2.004207800000000206e-01
1.839028200000000224e-01
7.826998699999999920e-02
7.206284699999999932e-02
1.356742270000000083e-01
8.457518800000000947e-02
7.856395499999999088e-02
2.701060000000000266e-02
1.328256849999999989e-01
6.872218599999999067e-02
7.009026899999999671e-02
1.132787219999999984e-01
3.342256779999999705e-01
1.938283199999999984e-01
2.021232299999999871e-01
1.212088724999999950e-01
1.115215324999999924e-01
1.425926500000000152e-01
1.587800399999999557e-01
7.310463999999999851e-02
1.587533999999999612e-01
4.411803499999998601e-02
1.188501350000000095e-01
2.241499500000000145e-01
1.596665399999999679e-01
1.998694899999999830e-01
7.914369000000000265e-02
6.317372000000000265e-02
8.344231000000001952e-02
2.040956900000000240e-01
9.718999999999999861e-02
2.282429000000000263e-01
1.120483999999999924e-01
7.721710000000002461e-02
7.764919999999997380e-02
2.387817499999999871e-01
2.564319499999999641e-01
2.294959040000000283e-01
8.028239599999999199e-02
8.186241000000002432e-02
9.486319000000000001e-02
9.282797999999996275e-02
3.465514000000000788e-02
1.738058599999999787e-01
2.528151499999999885e-01
1.219675999999999816e-01
6.765269999999998229e-02
1.101170499999999941e-01
2.076173999999999797e-01
2.165811999999999737e-01
1.192693499999999684e-01
1.190052000000000193e-01
1.326268500000000183e-01
1.102134999999999643e-01
3.299818500000000210e-01
1.670120999999999689e-01
1.081596500000000100e-01
1.344351500000000033e-01
1.685294099999999906e-01
1.198645899999999931e-01
1.461644500000000013e-01
2.060049149999999829e-01
2.038773350000000206e-01
5.428299999999994935e-02
8.284213499999998342e-02
2.010299849999999389e-01
1.496307500000000068e-01
9.287545999999999302e-02
1.115103100000000153e-01
1.064190499999999734e-01
1.804331754999999871e-01
5.767662550000007132e-02
8.811660000000007265e-02
2.727503499999999748e-01
1.652995500000000173e-01
1.175460000000000393e-01
1.802140499999999590e-01
1.025248499999999868e-01
1.116411000000000486e-01
1.364139000000000601e-01
1.636539999999999662e-01
8.201295000000008439e-02
1.381214500000000067e-01
1.272283999999999360e-01
2.341920499999999850e-01
1.568427500000000863e-01
1.463183999999999041e-01
1.114682500000000603e-01
1.324832499999999968e-01
3.084184000000000370e-01
3.777613000000000221e-01
2.211878500000000192e-01
1.624824999999999742e-01
1.503675000000000705e-01
9.845529999999994009e-02
9.234620000000005879e-02
3.651370000000009330e-02
1.732856000000000396e-01
1.603323000000000942e-01
1.346487999999999574e-01
1.475087999999999677e-01
2.878278000000000225e-01
2.425791999999999393e-01
8.492349999999998511e-02
2.158215999999999191e-01
1.724372000000000127e-01
9.965739999999993770e-02
2.028750999999999749e-01
1.792356000000000504e-01
3.009557000000001592e-01
3.186757000000000062e-01
4.702255000000001295e-01
1.121795000000000431e-01
1.849169000000000229e-01
1.274484000000000172e-01
8.451150000000007267e-02
7.651760000000008832e-02
1.347088999999999648e-01
2.557634000000001406e-01
6.294579500000000438e-01
3.486707499999999182e-01
1.303182999999999425e-01
8.934005000000010133e-02
1.193657450000000370e-01
4.240041549999999382e-01
7.590326499999998644e-01
3.821117000000000541e-01
2.546054999999999152e-02
8.623720000000005548e-02
6.847979999999996570e-02
1.143372499999999181e-01
7.242130000000002177e-02
5.368119999999995673e-02
8.354734999999996470e-02
8.471284999999997845e-02
9.669585499999999723e-02
8.076830499999998469e-02
5.394630000000001646e-02
6.261645000000003181e-02
7.390524499999995278e-02
5.309779499999996849e-02
4.175320499999993912e-02
5.397670499999995125e-02
1.974689500000000597e-01
4.740630000000002620e-02
7.000004999999993871e-02
2.052777999999999825e-01
9.410054999999992176e-02
6.200525000000003256e-02
1.549966499999999858e-01
1.565151999999999932e-01
2.203320999999999474e-01
2.624500000000000166e-01
1.083114650000000789e-01
1.235939649999999446e-01
1.448466399999999432e-01
1.515501900000000568e-01
2.091500800000000160e-01
7.872751999999996753e-02
