FramewiseDisplacement
7.264000000000001012e-02
9.534850000000003045e-02
5.041499999999996678e-02
5.281049999999996858e-02
5.600649999999997991e-02
6.322599999999999054e-02
7.167449999999997434e-02
7.747049999999998382e-02
8.019999999999996576e-02
2.848649999999998406e-02
8.734299999999996234e-02
5.110750000000003485e-02
4.810200000000001280e-02
4.116499999999992387e-02
4.699700000000004568e-02
4.589969999999998773e-02
7.628229999999995570e-02
2.612140000000000989e-02
4.404640000000002720e-02
6.047899999999993559e-02
5.314195000000002805e-02
5.757869999999999655e-02
3.366454999999995978e-02
3.996400000000001340e-02
2.843645000000003323e-02
1.075341499999999673e-01
1.239411499999999999e-01
1.968225999999999587e-01
1.598896000000000206e-01
5.381269999999999110e-01
5.798668500000000448e-01
1.908238000000000156e-01
7.458430000000002003e-02
4.646809999999998442e-02
6.676695000000000546e-02
1.225513500000000033e-01
8.568940000000001278e-02
1.505832999999999477e-01
1.325452499999999478e-01
9.037190000000000500e-02
5.313110000000000055e-02
1.073854999999999393e-01
1.476779500000000023e-01
1.107406999999999975e-01
4.215340000000000753e-02
3.775219999999999965e-02
6.159830000000005024e-02
1.191213500000000008e-01
1.453759349999999839e-01
8.650863000000000302e-02
8.282329999999993309e-02
6.132372999999997909e-02
6.418463000000000640e-02
6.642324499999999188e-02
7.865559999999997831e-02
1.065762449999999723e-01
1.235636999999999985e-01
7.275654499999995029e-02
4.712335000000002216e-02
5.380125000000003654e-02
8.728379999999999472e-02
8.442859999999995091e-02
4.985795000000000504e-02
4.622794999999996213e-02
5.712090000000005080e-02
4.123039999999995875e-02
4.346069999999996325e-02
3.789819999999998607e-02
2.505959999999997356e-02
6.372359999999997748e-02
5.698604999999998949e-02
9.785074999999998635e-02
2.057303500000000340e-01
7.479079999999999062e-02
7.246174999999994981e-02
9.995031000000005605e-02
8.583583999999996883e-02
1.980381999999999976e-01
3.676285000000000247e-01
1.487224500000000338e-01
3.257435000000008518e-02
3.339095000000003033e-02
5.364049999999998680e-02
5.410079999999996281e-02
9.141309999999996938e-02
8.125195000000004497e-02
4.950490000000005997e-02
7.283619999999997596e-02
7.197705000000000075e-02
1.085344999999999505e-01
6.418030000000000956e-02
4.419939999999995123e-02
1.020960000000000617e-01
7.335419999999993890e-02
7.739760000000001083e-02
1.299819999999999864e-01
4.598560000000001535e-02
7.886860000000005255e-02
1.456247999999999709e-01
7.793180000000005103e-02
7.120369999999998090e-02
6.115929999999995120e-02
4.556380000000002928e-02
3.576919000000000071e-01
4.381591999999999154e-01
1.634599199999999530e-01
1.592760200000000181e-01
1.354328999999999672e-01
4.395229999999998582e-02
1.322651999999999994e-01
1.248260000000000064e-01
1.591937050000000187e-01
1.323638049999999733e-01
5.758960000000006019e-02
1.612741000000000591e-01
4.833640000000000714e-01
1.021066000000000334e-01
1.903866000000000169e-01
1.320975999999999817e-01
1.949853000000000280e-01
1.070455999999999630e-01
2.053458499999999687e-01
2.622080499999999703e-01
7.123029999999999640e-02
1.160510799999999731e-01
6.021036999999999917e-02
8.051140000000001073e-02
9.739810000000000134e-02
5.199600000000002831e-02
3.891025000000002815e-02
7.610790000000003386e-02
1.426556999999999686e-01
2.046440999999999955e-01
2.362335500000000144e-01
1.323367499999999752e-01
1.267389000000000709e-01
2.387892999999999266e-01
2.345056999999999836e-01
5.023419999999999552e-01
8.650236000000000036e-01
3.958807549999999731e-01
3.562880499999999950e-02
8.034662000000002136e-02
6.086317000000000116e-02
1.051715725000000046e-01
2.025255275000000244e-01
1.241521699999999923e-01
7.797249000000000541e-02
8.020444549999999895e-02
7.452334255000001573e-01
2.850218590000000329e+00
1.925395389999999818e+00
1.266270779999999929e+00
1.765509300000000226e-01
7.304499500000001533e-02
7.045377499999999626e-02
2.102557300000000295e-01
9.048981499999998457e-01
3.110496299999999881e+00
2.031282449999999962e+00
2.855819999999998915e-01
1.692566000000000237e+00
1.529770000000000074e+00
2.422665000000001345e-01
2.519324999999997261e-01
1.051090000000002439e-01
1.244610000000000993e-01
1.290090000000000126e-01
3.921124999999999750e-01
4.118470000000000741e-01
3.349119999999998210e-01
1.405600000000001293e-01
9.775749999999980289e-02
1.086644999999999556e-01
8.709349999999987935e-02
1.511404999999998444e-01
2.388442050000000094e+00
2.953607499999999497e-01
1.872486250000000296e-01
1.618348249999999877e-01
6.614660000000002760e-02
1.069013999999999798e-01
7.873910000000006182e-02
6.203170000000008538e-02
1.568015499999999285e-01
1.079215000000000174e-01
1.907227000000000783e-01
1.059580999999999579e-01
9.805870000000001252e-02
8.688800000000003465e-02
1.910329000000001165e-01
1.164546000000000053e-01
1.721960999999999908e-01
2.027025000000000354e-01
2.181145000000000445e-01
1.518034999999999246e-01
1.535874999999999602e-01
5.999650000000004979e-02
7.206999999999996742e-02
1.413584999999999703e-01
5.838859999999999051e-01
4.478905000000000802e-01
2.411315000000000819e-01
8.876299999999999468e-02
1.801199149999999971e+00
9.483078499999998412e-01
1.991018000000000510e-01
1.773961699999999864e+00
9.571062999999999654e-01
2.131085559999999768e-01
9.301495400000002467e-02
1.879862899999999726e-01
8.626640000000007635e-02
7.630707999999999935e-02
1.231894799999999623e-01
1.840429000000000093e-01
4.787034000000000011e-01
9.955368300000000392e-01
5.649593899999999502e-01
2.289915900000000226e-01
2.563712500000000505e-01
1.483257500000000617e-01
3.768474999999993358e-02
1.074106999999999562e-01
3.862960000000000699e-02
1.652872000000000230e-01
1.017342499999999705e-01
1.230864500000000000e-01
1.767539549999999959e+00
1.521794300000000044e+00
1.992999250000000000e+00
6.817533999999997318e-01
5.266335000000005317e-01
1.888653999999999056e-01
9.269129999999969893e-02
2.783367000000000480e-01
2.168586999999999598e-01
1.479766000000002357e-01
5.209894999999997722e-01
1.879779600000000217e+00
3.082100000000001505e-01
2.503879999999997219e-01
1.428819999999999535e-01
4.581750000000001100e-01
4.019990000000000507e-01
2.139814000000001271e-01
1.375667000000000140e-01
1.580382000000001008e-01
9.514331800000001005e-01
7.929761800000001415e-01
2.623929000000000955e-01
1.018562000000000634e-01
1.380030999999998231e-01
2.121178300000000405e+00
8.137758200000000386e-01
2.379352480000000103e+00
3.869895999999999336e-01
1.912886500000000878e-01
5.593400499999999775e-01
1.834070000000000422e-01
2.665959000000001078e-01
5.650250000000001105e-02
8.807059999999995725e-02
1.864010000000000111e-01
1.449865999999999100e-01
1.216654000000000346e-01
5.199513999999999525e-01
2.250599755000000091e+00
3.685668750000000160e-01
2.870525200000001997e-01
3.477721499999998356e-01
9.297540000000004135e-02
1.856973500000001220e-01
1.676523500000002831e-01
7.279229999999986545e-02
2.049324499999999327e-01
8.403330000000019950e-02
1.768538000000000332e-01
1.012896999999997327e-01
4.075198999999999350e-01
4.556064499999999406e-01
2.956010499999998653e-01
8.498445000000004468e-02
1.284915500000000654e-01
9.668504999999995297e-02
1.226375999999999716e-01
2.125356999999999941e-01
1.467753000000001362e-01
1.237365000000000964e-01
